6
6
3
8
8
8
5
7
9
11
7
8
6
2
6
6
3
5
7
6
8
8
8
6
6
5
9
6
7
6
4
5
8
6
7
6
7
7
8
7
5
8
7
8
7
9
7
5
10
7
5
6
4
5
8
9
8
4
11
6
6
4
7
6
6
4
4
5
6
8
7
6
8
8
7
5
8
8
4
9
6
5
3
3
6
7
6
6
7
6
8
4
6
5
9
5
9
7
5
5
4
7
7
5
7
7
6
2
6
6
6
6
7
6
6
6
9
8
7
8
7
7
7
5
3
3
6
6
8
6
7
5
6
9
8
5
8
9
6
7
7
7
5
7
5
11
7
3
5
5
7
8
4
5
10
8
5
4
7
5
4
4
7
5
5
3
5
5
7
4
8
9
8
7
6
8
8
10
8
6
5
5
7
7
6
7
10
9
8
7
8
6
8
8
4
5
8
8
5
9
11
8
5
7
7
10
4
7
9
7
8
7
6
5
6
6
7
10
7
5
3
5
7
9
9
7
5
4
9
7
5
6
8
7
8
4
4
5
4
7
5
5
7
8
6
5
6
7
5
6
7
7
6
5
8
5
