17
18
19
17
22
24
24
26
21
23
20
19
18
12
21
20
18
22
18
18
16
13
14
14
16
16
19
13
15
20
21
17
15
19
20
19
22
20
18
17
20
16
15
14
16
19
18
18
22
20
17
20
12
15
21
17
17
11
18
17
21
15
18
18
23
23
21
24
19
16
15
19
22
18
16
18
22
22
22
23
19
17
13
13
13
15
16
17
15
17
19
15
14
16
22
17
23
18
19
16
18
11
16
15
16
14
15
19
27
18
21
15
18
11
14
11
15
15
17
17
18
22
17
20
18
22
15
18
15
18
15
20
20
16
17
19
20
20
21
22
19
22
15
19
13
17
14
17
16
19
24
19
25
19
18
14
23
16
18
16
18
19
17
19
18
22
16
25
20
18
19
22
19
16
17
15
14
15
16
15
21
20
23
23
25
19
14
21
18
19
16
19
18
13
15
20
19
20
18
17
24
18
21
18
19
17
17
16
17
18
26
22
23
22
23
20
21
16
16
17
14
20
16
18
16
17
13
22
17
22
19
19
15
18
17
14
19
18
19
20
22
24
20
25
20
24
18
22
21
16
21
18
17
16
16
16
15
19
23
18
18
17
13
19
18
18
19
17
23
26
20
25
28
28
24
22
25
22
19
17
19
19
15
16
20
20
18
16
14
16
15
18
18
19
17
23
22
19
17
20
22
25
22
26
24
24
24
26
26
23
17
18
17
20
20
15
16
17
17
17
18
19
13
24
17
18
21
19
17
19
19
21
21
20
20
24
24
22
19
17
19
16
14
15
17
17
13
19
17
13
16
19
19
19
18
16
22
17
17
16
22
17
22
23
22
19
22
18
17
20
18
17
19
17
17
12
18
14
17
18
19
20
17
20
15
17
18
20
18
21
18
20
19
20
24
21
20
19
20
22
18
16
14
20
21
23
18
19
14
14
20
19
24
19
19
16
17
15
16
20
19
18
18
17
14
19
22
19
20
22
17
19
22
21
19
15
17
14
16
20
21
21
18
26
19
15
17
12
14
14
20
19
21
18
13
19
16
16
12
20
20
24
24
17
16
19
17
21
14
16
15
21
24
22
16
14
12
16
11
16
16
17
21
22
18
16
17
13
20
16
22
22
19
24
18
17
17
18
16
19
23
19
21
17
19
13
14
12
15
16
14
15
24
22
21
16
12
18
13
19
20
21
20
20
20
22
17
18
19
14
17
17
19
18
17
16
15
14
13
17
21
21
18
17
21
16
16
9
17
20
20
20
22
18
21
19
23
15
12
13
13
15
17
17
17
14
15
16
15
13
18
23
19
18
17
17
18
17
17
16
19
17
20
20
18
21
19
22
17
13
15
16
15
15
16
17
16
12
14
10
19
17
20
14
16
15
14
19
19
22
16
19
17
19
20
15
17
16
11
17
13
15
16
15
17
17
17
14
13
15
12
19
14
14
16
12
16
17
19
18
22
21
14
16
19
18
19
11
18
17
17
20
14
16
11
17
17
16
22
16
15
14
16
15
21
18
17
16
17
21
20
19
18
17
14
19
22
19
22
19
17
15
17
18
19
20
20
19
22
22
20
20
16
14
15
16
20
22
20
16
21
16
18
22
15
18
18
19
18
21
22
22
17
19
20
20
24
15
19
19
17
17
16
17
15
14
16
20
20
17
19
14
22
20
17
18
17
16
18
17
21
21
17
19
19
20
22
22
18
18
20
15
19
19
17
17
13
17
18
18
18
18
16
19
19
22
18
18
20
21
19
19
17
20
16
20
16
18
19
21
18
21
16
25
20
19
22
20
19
19
21
19
18
22
17
20
19
19
18
19
21
16
19
16
16
16
16
18
17
15
18
20
20
16
17
18
23
21
17
19
20
18
20
20
19
17
22
15
18
15
15
19
19
19
17
13
14
16
17
19
15
17
12
22
18
24
22
20
18
23
21
20
22
22
18
19
15
16
12
15
18
17
18
16
15
10
16
15
18
15
16
19
22
21
23
18
19
23
17
24
15
23
17
14
17
17
14
16
14
18
11
17
16
17
12
15
15
19
16
18
