97
88
94
87
91
89
87
80
81
77
77
90
91
93
91
88
102
104
89
80
87
86
86
95
89
95
95
94
91
80
89
94
88
84
82
103
87
86
94
91
92
100
97
95
89
95
80
88
98
91
90
90
96
93
89
87
90
95
84
79
88
81
97
97
88
87
89
87
91
86
91
88
87
93
95
96
89
86
99
99
96
97
92
98
90
96
98
108
92
84
95
93
102
84
101
96
96
89
90
86
94
97
96
96
82
86
82
80
83
92
100
92
86
90
89
83
93
92
92
80
99
97
103
94
97
98
90
90
93
103
107
101
98
107
99
91
84
87
94
90
84
90
86
95
94
91
84
93
96
94
100
96
98
84
83
96
101
93
93
90
93
104
101
110
103
96
86
92
90
91
96
98
95
91
93
88
87
93
96
88
92
92
84
88
82
90
97
92
96
94
93
95
90
97
91
98
96
93
87
90
98
96
98
103
100
96
92
90
88
92
96
97
93
83
78
89
99
102
97
101
85
90
84
86
95
100
86
101
90
109
99
91
80
89
96
99
87
79
88
99
94
110
89
82
91
81
84
97
91
87
93
95
77
84
89
83
104
92
101
90
87
78
87
100
98
84
95
98
93
88
85
85
81
97
92
79
85
89
96
103
91
96
104
98
94
91
83
96
94
98
99
96
89
99
84
95
104
96
89
94
98
98
101
91
94
98
92
96
95
101
88
84
95
82
82
87
85
92
98
89
98
92
85
86
95
98
86
90
97
91
93
95
97
88
91
89
95
99
87
99
98
87
84
99
102
104
97
96
95
106
94
93
96
85
82
80
84
81
92
95
98
90
77
82
86
96
99
99
101
99
96
94
80
89
92
102
97
95
98
95
88
85
96
90
97
93
96
92
104
103
91
92
84
94
70
83
79
93
91
91
93
94
90
97
104
87
95
99
100
100
93
89
100
101
92
99
90
90
97
98
100
102
86
93
85
101
96
93
92
89
74
78
77
73
81
88
90
81
84
91
87
92
82
97
87
87
88
92
100
84
90
90
90
83
81
81
84
83
90
97
101
97
93
97
91
96
83
88
87
86
84
73
89
91
102
104
98
91
87
81
82
81
96
89
90
94
90
84
87
91
82
96
80
87
84
83
86
91
103
106
93
96
92
95
94
88
90
83
88
88
78
90
80
84
97
98
93
89
81
86
86
98
93
95
94
84
81
90
95
92
94
85
85
90
78
85
91
91
87
81
105
89
98
91
85
91
90
105
110
99
93
100
101
107
108
106
89
87
78
79
91
90
92
81
85
89
94
92
95
84
93
85
101
92
94
97
92
94
96
98
100
102
91
95
91
84
84
93
90
108
89
100
98
90
96
98
87
88
95
104
104
90
91
83
98
95
106
88
83
96
83
85
77
80
92
92
92
90
96
92
83
91
95
88
80
83
81
94
89
81
97
100
99
100
100
103
103
87
93
101
94
98
82
85
93
106
98
79
91
71
88
95
88
85
92
92
96
85
93
87
85
93
101
87
80
88
95
95
88
91
86
102
101
99
107
94
88
101
91
104
105
91
101
103
104
91
88
83
79
89
89
86
89
97
94
89
86
78
87
96
98
99
89
84
85
90
89
93
98
98
102
101
95
93
95
87
92
96
86
93
92
102
96
106
108
101
91
85
97
93
92
82
83
98
81
85
85
99
94
93
88
104
89
95
88
94
91
99
90
91
90
90
88
81
91
95
91
84
90
90
97
93
97
92
101
102
103
111
102
92
103
86
89
91
85
86
87
94
82
87
92
92
89
88
89
86
92
93
89
94
99
87
85
92
105
106
102
85
84
101
88
97
100
96
114
102
102
89
90
88
84
85
101
91
91
95
85
95
83
91
84
95
91
97
97
96
100
94
104
91
88
78
91
105
99
94
85
81
86
80
82
96
93
95
99
102
90
92
94
85
86
101
97
97
98
85
80
92
90
96
85
94
94
100
94
100
100
104
95
87
75
95
102
99
93
92
91
89
92
90
93
106
100
96
99
93
90
86
77
90
99
103
109
108
85
88
90
85
83
83
91
96
83
93
91
98
100
97
82
85
96
89
96
90
86
92
84
82
91
95
96
94
86
87
83
98
82
70
89
91
104
105
98
93
79
101
78
77
85
102
98
85
90
90
99
95
96
91
91
102
83
103
91
96
91
87
86
93
91
97
87
95
93
99
107
85
91
78
88
90
95
88
88
82
95
90
87
101
86
81
84
88
82
86
86
93
97
99
99
86
81
78
92
88
84
91
93
98
92
101
90
91
89
97
72
87
93
89
90
77
87
88
93
84
83
88
93
82
88
91
82
91
93
85
96
88
93
90
87
97
93
91
76
86
95
91
83
91
97
100
83
101
95
89
103
103
95
86
81
79
78
77
87
90
95
86
91
83
89
90
98
92
92
90
91
95
94
104
101
84
80
98
89
98
77
74
95
92
91
98
93
93
88
91
111
93
92
88
85
83
88
76
79
103
107
103
95
88
99
95
87
105
95
87
90
90
90
88
81
86
95
86
92
86
89
91
100
101
100
90
96
90
99
95
91
85
91
96
88
93
77
87
99
100
106
91
91
96
97
91
93
88
88
94
86
90
97
93
86
77
94
98
99
95
96
94
91
100
95
102
98
98
110
97
91
98
92
95
91
75
89
102
96
99
100
94
96
96
96
101
92
99
96
93
103
94
89
103
84
88
84
94
94
91
86
84
88
98
90
91
101
102
92
92
94
107
103
94
85
94
99
104
115
100
88
91
94
103
97
91
78
98
95
100
108
97
85
83
94
84
90
90
81
74
80
77
90
91
83
99
104
94
90
87
87
92
86
88
100
96
96
89
92
98
94
99
100
80
77
86
94
107
98
84
93
106
86
86
84
95
96
77
84
84
89
103
96
84
93
101
98
90
83
85
90
93
97
98
93
101
94
83
88
71
95
84
82
95
97
92
88
90
88
96
91
90
88
82
92
86
88
77
79
83
84
90
92
100
103
94
101
91
97
101
97
91
102
105
97
85
84
92
88
91
87
80
84
91
90
94
85
85
105
104
90
94
95
101
99
99
100
85
83
83
85
89
91
94
101
91
83
96
94
91
90
100
92
93
89
84
77
85
86
87
94
79
85
78
90
94
87
93
91
93
86
97
95
111
113
97
97
86
84
85
84
92
96
103
90
87
94
84
81
92
102
97
98
93
97
94
92
107
99
83
85
84
88
102
88
86
90
102
105
86
98
102
114
105
106
102
80
82
94
100
96
95
86
85
90
90
94
86
91
99
92
92
87
97
102
95
91
93
87
86
91
91
93
95
97
90
83
84
93
102
90
107
105
94
91
100
87
93
93
102
92
92
99
101
85
91
85
90
89
90
88
102
112
109
96
91
95
90
89
76
86
107
95
94
90
84
95
91
91
96
97
90
106
96
87
84
95
88
96
89
96
98
86
91
93
93
103
