16
19
19
19
14
18
18
17
17
20
21
21
17
16
19
15
19
22
15
21
22
22
20
21
18
15
15
20
16
19
20
20
19
14
15
20
22
22
20
21
16
15
18
20
18
16
19
22
17
19
17
17
18
21
18
19
22
19
17
16
20
21
19
15
20
15
23
23
22
22
26
18
19
24
18
18
21
14
13
15
16
21
20
17
18
14
13
15
22
22
22
18
21
17
14
19
18
19
24
22
20
16
17
21
17
17
17
16
11
18
17
15
13
16
16
17
18
21
22
22
20
20
16
14
18
15
19
18
19
15
20
17
17
20
20
21
18
19
17
13
17
18
16
18
21
20
15
17
22
23
23
19
22
14
18
18
18
20
19
14
19
16
17
25
21
17
18
20
16
16
20
20
14
13
16
17
20
18
20
25
20
22
21
17
22
12
18
21
21
16
16
18
20
22
21
23
20
22
11
13
17
15
16
13
16
17
15
16
16
19
20
20
18
19
17
17
18
22
15
17
15
15
20
23
19
22
21
18
17
14
14
19
14
16
17
14
17
15
17
18
21
14
20
18
13
17
20
16
17
17
19
22
20
22
19
24
23
20
14
17
14
19
15
17
19
16
18
17
21
17
16
19
17
17
17
13
20
22
14
18
18
21
25
22
25
23
26
22
15
15
19
16
16
18
12
14
15
19
20
14
18
15
19
15
13
19
18
19
13
22
20
17
19
26
22
22
26
22
16
11
15
12
13
17
15
13
14
16
17
11
22
14
17
16
13
17
18
17
22
22
23
21
21
26
20
22
27
19
18
19
9
12
11
17
14
14
15
16
13
10
18
20
16
15
15
19
16
17
21
25
22
21
23
26
21
23
20
17
15
18
17
11
14
15
13
16
12
14
16
14
19
16
18
15
19
15
13
14
16
18
14
16
23
22
24
24
21
18
19
16
16
15
18
18
11
17
16
10
16
11
19
17
17
15
12
14
18
18
20
13
14
15
21
20
21
22
22
19
21
20
11
18
20
19
12
18
13
11
10
12
16
16
13
21
20
21
20
16
18
16
14
20
19
14
23
20
17
21
24
20
17
18
20
16
15
13
14
18
13
12
15
21
16
15
20
17
19
16
13
15
16
16
16
20
21
18
19
21
19
22
15
22
18
18
19
11
18
20
12
14
18
19
16
18
16
20
18
15
13
13
15
18
18
18
18
17
22
19
17
19
18
24
23
17
18
12
17
15
14
10
21
23
21
20
20
20
17
18
17
22
16
19
16
18
22
19
19
20
20
22
23
20
17
16
17
14
20
16
13
11
23
24
22
22
23
21
15
19
16
19
17
24
26
18
18
20
21
20
24
21
21
22
21
20
17
17
21
20
10
17
23
23
18
20
19
18
16
18
15
14
22
17
19
17
23
20
19
15
23
21
22
21
22
17
20
17
17
19
14
17
26
26
23
20
18
16
14
13
17
15
19
19
17
14
22
20
15
16
22
18
18
17
19
16
21
20
19
18
11
15
23
18
21
24
18
16
16
16
15
23
23
20
23
19
17
21
19
17
22
19
18
19
18
19
23
16
22
18
20
22
22
23
20
20
20
16
16
17
16
17
21
22
22
24
17
20
15
18
12
17
25
24
22
25
22
24
24
19
21
16
24
18
23
18
16
12
10
14
16
16
17
20
20
19
19
22
19
16
14
16
16
18
22
21
20
21
22
20
14
16
16
16
16
22
14
9
14
16
14
16
14
24
19
19
19
18
23
13
14
18
15
17
19
20
16
19
16
21
18
15
13
22
17
14
17
15
16
17
20
23
21
21
25
22
16
22
19
17
18
17
17
14
19
21
21
15
17
21
16
14
20
15
18
14
16
15
12
22
22
22
17
20
22
21
14
20
17
13
15
17
15
18
18
22
19
23
17
20
13
14
19
22
14
13
14
13
15
16
20
21
18
19
19
17
17
15
17
18
17
14
12
14
13
15
24
21
21
22
24
20
19
16
17
18
16
15
15
17
18
17
15
17
19
17
17
18
15
18
16
14
16
15
15
17
21
20
24
21
23
23
