2271
2296
2259
2297
2308
2311
2249
2330
2339
2248
2282
2293
2272
2268
2256
2310
2320
2276
2289
2339
2280
2324
2292
2327
2232
2273
2323
2199
2289
2305
2309
2316
2295
2245
2302
2273
2287
2296
2278
2320
2313
2275
2277
2295
2279
2320
2385
2276
2314
2329
2303
2326
2298
2349
2296
2271
2299
2303
2246
2304
2246
2254
2301
2332
2304
2322
2307
2300
2288
2289
2366
2296
2314
2333
2304
2313
2305
2340
2288
2296
2269
2360
2287
2344
2313
2210
2298
2300
2266
2257
2295
2277
2273
2312
2253
2301
2310
2270
2321
2340
2283
2287
2242
2311
2265
2332
2304
2271
2254
2292
2336
2294
2359
2311
2281
2304
2301
2334
2289
2282
2328
2300
2316
2353
2296
2288
2326
2337
2305
2281
2300
2329
2304
2232
2298
2264
2283
2330
2313
2298
2301
2310
2297
2324
2310
2330
2273
2286
2314
2226
2290
2304
2301
2260
2329
2251
2341
2328
2294
2372
2236
2295
2331
2262
2359
2277
2274
2299
2320
2326
2285
2290
2281
2283
2304
2283
2351
2265
2280
2252
2307
2376
2217
2248
2323
2300
2262
2304
2251
2315
2320
2309
2299
2261
2329
2291
2297
2272
2248
2252
2348
2301
2259
2245
2319
2306
2291
2307
2243
2286
2336
2327
2360
2270
2324
2288
2320
2290
2290
2288
2310
2355
2309
2251
2273
2271
2356
2315
2329
2280
2266
2334
2318
2335
2283
2310
2261
2285
2279
2262
2301
2305
2343
2278
2274
2332
2350
2340
2273
2268
2236
2301
2363
2281
2306
2342
2307
2284
2250
2320
2312
2275
2236
2263
2404
2257
2244
2232
2253
2254
2283
2241
2300
2253
2275
2222
2254
2282
2247
2294
2324
2271
2207
2283
2225
2261
2283
2260
2259
2263
2270
2284
2313
2311
2345
2360
2362
2285
2315
2279
2248
2261
2263
2295
2340
2258
2238
2271
2250
2295
2278
2296
2282
2252
2265
2290
2307
2244
2338
2332
2313
2280
2263
2222
2260
2225
2243
2289
2273
2318
2338
2289
2315
2343
2262
2258
2361
2330
2321
2304
2304
2301
2331
2286
2285
2249
2276
2366
2344
2214
2328
2346
2305
2250
2311
2260
2352
2298
2322
2323
2348
2300
2301
2320
2342
2298
2346
2325
2334
2327
2285
2246
2300
2284
2255
2367
2329
2235
2287
2262
2239
2338
2289
2270
2257
2371
2283
2274
2325
2302
2328
2310
2220
2362
2295
2323
2375
2300
2286
2272
2312
2274
2309
2271
2298
2287
2271
2299
2299
2273
2258
2256
2312
2307
2302
2293
2302
2252
2277
2321
2223
2299
2280
2316
2279
2343
2323
2308
2309
2255
2286
2274
2274
2273
2291
2293
2365
2324
2316
2334
2282
2298
2315
2302
2310
2335
2288
2310
2346
2270
2263
2273
2268
2265
2277
2278
2293
2269
2213
2344
2271
2334
2293
2345
2348
2364
2299
2253
2272
2243
2282
2299
2357
2302
2308
2264
2327
2276
2331
2287
2310
2289
2298
2310
2284
2323
2324
2264
2317
2319
2307
2290
2368
2277
2323
2281
2294
2329
2309
2285
2269
2322
2294
2277
2314
2259
2248
2279
2294
2342
2287
2277
2355
2334
2266
2300
2303
2318
2248
2280
2353
2255
2316
2318
2278
2245
2346
2312
2279
2258
2270
2280
2243
2291
2329
2322
2311
2302
2283
2304
2315
2298
2257
2285
2252
2237
2345
2259
2266
2257
2284
2245
2357
2284
2290
2283
2234
2260
2311
2248
2274
2273
2271
2278
2300
2325
2287
2242
2375
2292
2272
2220
2287
2327
2295
2315
2281
2307
2357
2305
2275
2233
2281
2323
2273
2284
2331
2291
2223
2298
2316
2318
2305
2186
2296
2335
2265
2287
2253
2308
2234
2304
2341
2262
2316
2299
2298
2338
2309
2295
2381
2351
2300
2351
2245
2363
2270
2318
2314
2289
2313
2295
2267
2241
2312
2337
2293
2234
2281
2264
2331
2265
2316
2291
2336
2333
2328
2294
2312
2321
2333
2294
2317
2316
2238
2278
2332
2306
2291
2288
2353
2356
2314
2265
2264
2266
2307
2272
2266
2287
2301
2212
2292
2272
2274
2299
2280
2314
2271
2319
2277
2251
2309
2338
2321
2282
2279
2257
2313
2314
2274
2277
2297
2265
2268
2353
2277
2283
2276
2254
2264
2328
2242
2308
2310
2289
2313
2338
2291
2255
2315
2291
2324
2406
2293
2311
2297
2289
2348
2297
2206
2293
2280
2313
2336
2296
2300
2298
2267
2289
2303
2394
2301
2293
2284
2262
2285
2307
2274
2301
2303
2286
2234
2304
2356
2294
2319
2270
2320
2279
2254
2293
2306
2259
2295
2271
2341
2367
2313
2277
2287
2230
2287
2273
2295
2305
2220
2282
2347
2230
2244
2330
2253
2298
2301
2273
2247
2283
2287
2271
2320
2335
2295
2297
2291
2378
2237
2255
2272
2288
2364
2310
2268
2227
2313
2314
2303
2284
2273
2305
2316
2295
2335
2280
2315
2338
2321
2263
2251
2279
2280
2333
2252
2277
2331
2304
2368
2271
2260
2324
2298
2220
2223
2257
2334
2266
2285
2302
2258
2256
2256
2282
2317
2283
2284
2305
2317
2333
2276
2342
2301
2240
2333
2229
2308
2334
2265
2334
2306
2353
2313
2309
2309
2273
2274
2342
2341
2358
2307
2286
2325
2312
2362
2286
2287
2285
2338
2267
2329
2351
2304
2343
2308
2284
2244
2285
2334
2279
2243
2337
2282
2288
2296
2292
2288
2369
2381
2283
2283
2228
2286
2354
2281
2245
2236
2235
2283
2292
2268
2351
2266
2332
2283
2374
2287
2357
2319
2280
2297
2253
2321
2274
2371
2335
2360
2318
2312
2319
2351
2293
2316
2320
2299
2328
2326
2296
2293
2221
2366
2271
2304
2299
2271
2304
2264
2296
2271
2286
2244
2257
2296
2279
2277
2328
2297
2287
2275
2346
2282
2346
2390
2333
2335
2304
2301
2273
2309
2263
2299
2326
2335
2310
2234
2275
2324
2237
2231
2344
2270
2248
2338
2300
2242
2292
2266
2342
2320
2295
2280
2311
2307
2336
2309
2283
2272
2229
2301
2315
2263
2293
2283
2271
2295
2319
2213
2258
2283
2309
2291
2321
2341
2333
2263
2320
2243
2292
2264
2293
2271
2281
2324
2265
2334
2278
2271
2328
2258
2267
2279
2307
2307
2252
2303
2331
2323
2305
2337
2307
2318
2232
2251
2284
2266
2301
2271
2333
2276
2239
2308
2252
2296
2239
2311
2322
2306
2293
2315
2286
2327
2314
2331
2300
2305
2315
2256
2311
2278
2287
2273
2248
2251
2311
2345
2309
2310
2264
2302
2247
2262
2281
2292
2324
2261
2292
2276
2321
2346
2268
2333
2316
2297
2253
2284
2326
2285
2280
2265
2307
2327
2297
2325
2257
2292
2267
2292
2288
2335
2328
2207
2315
2269
2352
2253
2290
2313
2340
2291
2282
2331
2257
2293
2280
2282
2257
2283
2229
2328
2252
2332
2240
2301
2307
2295
2268
2248
2242
2267
2328
2272
2281
2295
2309
2318
2346
2275
2335
2304
2299
2312
2330
2311
2304
2325
2273
2275
2295
2395
2291
2283
2371
2313
2320
2306
2285
2309
2267
2290
2265
2300
2315
2291
2297
2284
2289
2298
2331
2233
2202
2297
2313
2312
2255
2340
2297
2334
2251
2361
2316
2271
2275
2280
2301
2230
2309
2293
2328
2254
2269
2335
2283
2265
2282
2303
2314
2316
2295
2314
2311
2293
2273
2276
2252
2254
2278
2310
2278
2310
2302
2252
2310
2255
2264
2263
2314
2288
2292
2292
2343
2281
2272
2329
2287
2264
2290
2275
2262
2259
2303
2309
2269
2262
2288
2237
2271
2311
2330
2335
2273
2360
2306
2274
2240
2270
2213
2295
2243
2329
2254
2351
2301
2272
2333
2280
2239
2300
2286
2322
2309
2305
2327
2266
2240
2245
2321
2298
2331
2312
2297
2272
2244
2215
2389
2286
2310
2271
2303
2241
2350
2242
2328
2258
2267
2347
2323
2295
2303
2381
2248
2296
2246
2297
2299
2322
2361
2275
2283
2283
2276
2266
2382
2319
2330
2290
2334
2314
2249
2262
2280
2352
2297
2349
2311
2269
2267
2336
2258
2293
2314
2315
2317
2274
2343
2302
2294
2273
2287
2392
2365
2304
2253
2281
2327
2355
2264
2280
2322
2281
2314
2317
2261
2311
2287
2276
2273
2342
2279
2336
2324
2309
2322
2325
2287
2329
2326
2307
2233
2263
2271
2311
2309
2326
2326
2312
2269
2244
2309
2260
2257
2292
2326
2270
2333
2252
2269
2314
2272
2257
2341
2285
2299
2322
2303
2312
2290
2302
2324
2315
2321
2261
2299
2291
2263
2249
2268
2292
2269
2317
2230
2307
2256
2287
2294
2302
2238
2304
2267
2351
2329
2280
2279
2306
2295
2272
2313
2229
2305
2331
2330
2288
2244
2251
2285
2377
2278
2330
2314
2228
2300
2302
2323
2254
2334
2298
2290
2270
2316
2323
2302
2284
2322
2330
2314
2264
2328
2335
2302
2281
2263
2320
2287
2284
2295
2338
2306
2347
2340
2308
2319
2312
2283
2283
2284
2368
2300
2271
2341
2266
2288
2287
2298
2269
2308
2310
2241
2362
2300
2306
2290
2279
2282
2266
2323
2240
2302
2322
2315
2393
2275
2313
2281
2283
2302
2245
2290
2324
2283
2313
2278
2308
2293
2365
2284
2342
2300
2348
2291
2329
2350
2287
2277
2309
2318
2345
2348
2292
2309
2292
2260
2294
2257
2277
2302
2288
2248
2249
2341
2250
2218
2303
2231
2321
2317
2249
2224
2266
2284
2295
2337
2293
2303
2306
2308
2291
2372
2303
2241
2244
2307
2317
2274
2289
2275
2266
2276
2279
2249
2262
2275
2366
2249
2252
2275
2226
2299
2276
2238
2269
2321
2361
2276
2342
2345
2277
2332
2309
2291
2264
2342
2295
2308
2297
2332
2316
2333
2264
2299
2298
2361
2287
2304
2239
2281
2318
2294
2289
2292
2227
2289
2274
2353
2305
2290
2270
2275
2317
2312
2358
2257
2310
2296
2278
2252
2284
2236
2314
2258
2249
2308
2323
2256
2318
2352
2321
2343
2217
2311
2338
2313
2248
2332
2313
2327
2305
2312
2348
2236
2303
2261
2360
2268
2289
2282
2216
2283
2290
2275
2297
2322
2248
2342
2250
2306
2296
2334
2327
2280
2259
2288
2404
2317
2296
2282
2257
2288
2299
2283
2296
2327
2262
2320
2296
2320
2202
2349
2301
2308
2238
2276
2313
2298
2291
2335
2284
2341
2273
2330
2324
2340
2254
2284
2279
2315
2258
2257
2342
2307
2269
2295
2293
2286
2249
2281
2322
2327
2297
2349
2278
2333
2345
2294
2299
2293
2309
2243
2311
2350
2263
2294
2223
2306
2280
2313
2308
2354
2227
2293
2356
2324
2304
2336
2224
2276
2283
2277
2233
2238
2250
2288
2284
2240
2326
2228
2276
2346
2350
2302
2292
2247
2282
2271
2339
2298
2259
2282
2300
2305
2279
2309
2370
2344
2334
2236
2328
2266
2293
2304
2287
2293
2318
2275
2301
2249
2286
2302
2290
2283
2335
2280
2281
2312
2296
2304
2260
2282
2311
2243
2214
2317
2245
2315
2345
2262
2265
2290
2299
2263
2260
2332
2295
2244
2277
2283
2349
2294
2292
2315
2300
2244
2273
2311
2248
2350
2336
2288
2259
2359
2322
2293
2350
2227
2313
2324
2304
2287
2343
2302
2306
2277
2269
2324
2276
2251
2257
2327
2354
2283
2360
2290
2265
2310
2285
2337
2240
2279
2285
2282
2279
2252
2301
2316
2293
2341
2257
2359
2326
2297
2270
2290
2285
2275
2353
2254
2299
2289
2255
2323
2257
2247
2292
2353
2332
2301
2329
2326
2331
2301
2339
2308
2294
2321
2321
2292
2288
2286
2268
2286
2309
2293
2268
2344
2324
2278
2288
2321
2325
2258
2284
2287
2266
2283
2302
2309
2311
2284
2291
2287
2298
2263
2292
2298
2240
2298
2307
2298
2295
2257
2348
2285
2304
2328
2318
2308
2269
2239
2287
2394
2314
2307
2354
2295
2287
2283
2243
2259
2258
2260
2247
2285
2250
2295
2258
2298
2307
2314
2258
2387
2310
2312
2289
2277
2331
2309
2319
2315
2260
2325
2276
2328
2306
2258
2247
2304
2322
2288
2308
2319
2339
2279
2279
2287
2278
2308
2333
2314
2297
2322
2357
2323
2261
2289
2296
2280
2297
2248
2222
2290
2296
2246
2421
2339
2299
2310
2281
2280
2306
2328
2299
2250
2281
2330
2300
2277
2236
2293
2322
2355
2289
2279
2292
2240
2329
2322
2237
2293
2312
2280
2227
2353
2310
2250
2245
2275
2310
2328
2282
2288
2277
2300
2297
2353
2314
2277
2244
2330
2269
2296
2307
2333
2306
2191
2364
2294
2329
2282
2278
2330
2293
2308
2341
2292
2338
2283
2325
2248
2334
2321
2260
2243
2239
2267
2315
2298
2267
2282
2284
2374
2280
2312
2279
2360
2313
2334
2359
2295
2291
2286
2270
2322
2339
2243
2263
2365
2299
2291
2274
2293
2289
2301
2250
2280
2250
2304
2344
2311
2328
2255
2327
2269
2288
2280
2283
2301
2335
2266
2248
2297
2289
2303
2295
2310
2294
2290
2229
2333
2280
2316
2314
2288
2337
2313
2245
2217
2247
2317
2315
2234
2277
2260
2266
2288
2327
2291
2313
2284
2348
2255
2263
2271
2327
2248
2319
2340
2268
2302
2324
2285
2266
2331
2301
2281
2262
2261
2335
2325
2266
2333
2270
2327
2292
2238
2320
2342
2274
2236
2267
2350
2310
2289
2314
2273
2276
2316
2264
2337
2330
2335
2315
2273
2222
2312
2226
2233
2237
2262
2309
2348
2267
2246
2284
2228
2296
2228
2264
2233
2283
2269
2369
2334
2288
2296
2296
2318
2296
2327
2366
2263
2310
2297
2311
2218
2274
2289
2311
2345
2233
2315
2315
2250
2319
2279
2314
2344
2234
2234
2239
2337
2277
2352
2294
2250
2295
2248
2323
2329
2301
2276
2237
2292
2297
2348
2267
2307
2334
2257
2330
2317
2315
2272
2283
2288
2260
2321
2296
2242
2291
2288
2328
2323
2241
2322
2248
2295
2291
2309
2202
2312
2322
2291
2294
2274
2326
2290
2303
2345
2302
2257
2305
2308
2308
2336
2301
2235
2326
2256
2268
2262
2225
2272
2322
2259
2274
2297
2257
2255
2252
2284
2242
2278
2280
2323
2336
2327
2308
2275
2310
2298
2326
2358
2332
2281
2307
2240
2236
2238
2311
2304
2294
2332
2260
2338
2297
2329
2257
2310
2328
2256
2286
2301
2292
2222
2321
2313
2259
2362
2281
2270
2309
2268
2257
2266
2270
2335
2296
2341
2271
2291
2367
2303
2312
2269
2314
2287
2282
2318
2326
2341
2237
2329
2352
2315
2318
2307
2299
2306
2338
2258
2271
2262
2273
2289
2346
2342
2339
2233
2315
2303
2269
2286
2293
2330
2359
2341
2362
2328
2280
2227
2379
2367
2272
2265
2286
2317
2355
2285
2301
2304
2324
2305
2231
2303
2287
2267
2284
2281
2303
2281
2282
2263
2278
2336
2332
2269
2249
2317
2317
2374
2299
2268
2213
2269
2303
2288
2273
2309
2267
2317
2253
2348
2237
2262
2355
2233
2256
2302
2348
2333
2301
2297
2252
2279
2326
2317
2316
2180
2277
2300
2280
2290
2347
2255
2283
2303
2308
2302
2249
2311
2240
2315
2243
2263
2286
2330
2288
2316
2352
2341
2304
2258
2312
2250
2261
2290
2293
2347
2257
2229
2292
2354
2285
2291
2330
2300
2312
2400
2345
2355
2303
2289
2283
2282
2286
2302
2289
2288
2256
2366
2321
2280
2273
2297
2256
2278
2295
2313
2239
2322
2327
2300
2339
2284
2261
2282
2279
2324
2314
2329
2297
2357
2302
2323
2265
2302
2288
2269
2247
2309
2233
2318
2321
2269
2235
2293
2261
2285
2297
2319
2291
2297
2269
2318
2248
2328
2257
2251
2341
2288
2315
2309
2267
2327
2282
2325
2290
2307
2317
2251
2298
2265
2315
2321
2260
2292
2328
2308
2349
2345
2321
2263
2320
2302
2342
2293
2286
2322
2315
2292
2235
2235
2316
2238
2303
2253
2257
2330
2284
2293
2273
2300
2309
2323
2223
2258
2298
2255
2288
2244
2285
2288
2305
2303
2283
2354
2368
2304
2326
2313
2291
2333
2297
2286
2277
2296
2329
2278
2261
2274
2330
2275
2279
2288
2343
2287
2305
2329
2347
2257
2273
2326
2248
2254
2288
2322
2284
2294
2320
2273
2328
2265
2256
2319
2341
2317
2284
2270
2326
2286
2329
2330
2322
2347
2305
2293
2297
2232
2291
2349
2262
2319
2304
2320
2305
2281
2300
2311
2352
2226
2304
2314
2275
2299
2256
2252
2285
2307
2306
2248
2286
2343
2305
2299
2312
2283
2280
2332
2227
2274
2334
2271
2253
2289
2305
2238
2265
2365
2263
2307
2296
2267
2254
2334
2334
2225
2229
2315
2262
2254
2307
2302
2313
2395
2325
2342
2279
2312
2240
2332
2352
2298
2289
2327
2292
2235
2308
2278
2324
2371
2296
2310
2285
2385
2340
2314
2296
2311
2346
2276
2246
2224
2320
2317
2300
2272
2229
2281
2246
2251
2243
2281
2288
2289
2254
2305
2313
2319
2282
2315
2329
2314
2299
2292
2297
2281
2287
2299
2360
2281
2233
2313
2330
2315
2233
2283
2323
2299
2301
2304
2317
2243
2292
2302
2280
2297
2302
2253
2303
2279
2297
2262
2340
2275
2374
2289
2324
2321
2214
2284
2317
2363
2338
2284
2300
2234
2285
2335
2328
2290
2288
2279
2353
2266
2294
2288
2256
2300
2293
2306
2319
2301
2321
2292
2283
2279
2299
2331
2301
2344
2334
2303
2260
2290
2220
2320
2330
2328
2322
2413
2321
2325
2281
2326
2332
2347
2307
2300
2272
2292
2294
2285
2317
2345
2308
2221
2302
2327
2308
2240
2258
2292
2270
2300
2286
2304
2307
2283
2312
2341
2296
2230
2306
2297
2277
2309
2300
2298
2343
2285
2263
2253
2265
2265
2250
2298
2286
2309
2289
2250
2350
2301
2327
2283
2292
2381
2314
2293
2299
2295
2252
2335
2275
2232
2344
2290
2264
2298
2299
2316
2323
2291
2303
2333
2296
2284
2356
2300
2282
2329
2339
2280
2290
2352
2287
2264
2319
2285
2280
2283
2267
2254
2277
2237
2312
2321
2256
2260
2266
2333
2290
2359
2295
2248
2306
2315
2283
2324
2234
2285
2321
2330
2314
2266
2265
2341
2332
2278
2349
2324
2293
2316
2294
2298
2302
2313
2273
2392
2269
2312
2293
2250
2236
2300
2270
2261
2307
2344
2331
2286
2254
2350
2268
2361
2302
2254
2273
2297
2268
2314
2319
2248
2349
2333
2297
2271
2292
2358
2333
2273
2321
2271
2319
2272
2314
2285
2217
2325
2282
2307
2233
2335
2300
2314
2338
2294
2269
2304
2273
2284
2302
2269
2290
2299
2260
2261
2346
2345
2308
2285
2273
2266
2301
2295
2315
2297
2253
2264
2255
2316
2328
2286
2256
2250
2305
2347
2294
2281
2308
2263
2270
2326
2271
2259
2343
2361
2279
2287
2390
2288
2311
2327
2281
2341
2262
2294
2369
2301
2334
2260
2345
2250
2319
2273
2284
2240
2311
2295
2265
2298
2260
2296
2306
2240
2261
2290
2299
2308
2321
2291
2265
2366
2302
2288
2252
2272
2272
2265
2247
2245
2213
2325
2338
2305
2255
2319
2317
2225
2267
2278
2270
2348
2348
2335
2300
2250
2320
2221
2271
2397
2366
2282
2251
2261
2269
2294
2344
2313
2353
2298
2347
2300
2316
2301
2279
2357
2305
2255
2272
2285
2221
2281
2275
2271
2262
2333
2323
2220
2309
2271
2256
2285
2259
2284
2321
2288
2365
2252
2290
2269
2294
2333
2344
2314
2246
2275
2298
2309
2336
2238
2304
2320
2317
2272
2235
2261
2289
2246
2264
2312
2341
2309
2256
2326
2287
2286
2284
2284
2251
2333
2258
2254
2283
2275
2241
2307
2279
2312
2316
2295
2253
2323
2292
2260
2231
2309
2245
2288
2240
2330
2270
2322
2340
2304
2245
2220
2286
2287
2268
2286
2302
2308
2318
2319
2226
2371
2226
2299
2288
2349
2282
2296
2310
2358
2302
2283
2288
2334
2326
2270
2313
2343
2238
2280
2322
2320
2318
2267
2269
2316
2264
2310
2227
2274
2321
2319
2354
2263
2355
2351
2284
2278
2287
2323
2251
2241
2301
2271
2303
2271
2298
2309
2323
2243
2271
2318
2225
2237
2300
2332
2308
2286
2309
2263
2309
2284
2251
2266
2288
2320
2295
2287
2331
2307
2313
2245
2324
2321
2302
2310
2326
2261
2282
2316
2290
2321
2241
2315
2317
2284
2301
2264
2245
2276
2264
2327
2278
2214
2303
2241
2326
2267
2337
2308
2308
2256
2314
2345
2273
2306
2326
2261
2333
2311
2292
2352
2268
2285
2326
2297
2286
2277
2367
2318
2291
2272
2324
2271
2359
2286
2308
2302
2301
2352
2327
2276
2309
2255
2256
2207
2273
2326
2302
2315
2290
2269
2258
2352
2359
2228
2303
2352
2220
2334
2281
2337
2259
2218
2280
2299
2314
2263
2287
2328
2315
2324
2307
2283
2241
2253
2244
2371
2239
2349
2306
2339
2262
2311
2257
2252
2292
2264
2313
2262
2319
2285
2324
2326
2293
2297
2294
2320
2295
2313
2296
2316
2239
2266
2283
2319
2309
2289
2239
2251
2268
2276
2317
2254
2280
2267
2313
2340
2295
2323
2298
2317
2264
2298
2282
2331
2275
2330
2317
2326
2245
2264
2259
2281
2205
2304
2279
2298
2244
2307
2345
2383
2317
2346
2335
2337
2291
2269
2325
2247
2321
2252
2302
2307
2308
2258
2300
2320
2329
2294
2349
2336
2371
2264
2250
2285
2250
2245
2276
2371
2314
2308
2314
2323
2326
2283
2329
2276
2346
2360
2313
2309
2273
2281
2306
2300
2280
2291
2281
2296
2296
2280
2277
2315
2302
2319
2318
2275
2307
2312
2309
2271
2299
2338
2303
2224
2285
2329
2333
2304
2284
2303
2323
2286
2301
2372
2288
2338
2263
2208
2325
2276
2271
2343
2275
2294
2302
2317
2255
2310
2251
2270
2305
2300
2274
2247
2305
2315
2306
2364
2285
2254
2315
2292
2301
2307
2317
2247
2302
2298
2265
2253
2339
2279
2293
2359
2316
2275
2254
2277
2378
2354
2207
2284
2368
2271
2232
2231
2223
2318
2332
2336
2275
2326
2246
2294
2297
2347
2308
2232
2277
2307
2291
2275
2290
2244
2316
2248
2274
2329
2249
2316
2333
2321
2307
2290
2315
2356
2300
2282
2328
2375
2302
2250
2256
2301
2278
2342
2209
2292
2348
2259
2330
2285
2331
2251
2306
2290
2325
2291
2294
2318
2308
2314
2320
2267
2299
2342
2321
2225
2305
2248
2304
2288
2309
2265
2287
2321
2309
2270
2312
2268
2259
2331
2284
2324
2256
2326
2264
2276
2297
2318
2303
2269
2270
2272
2297
2241
2344
2320
2272
2260
2254
2315
2307
2359
2246
2308
2202
2344
2320
2321
2255
2321
2345
2294
2334
2324
2300
2234
2308
2247
2219
2277
2273
2295
2309
2280
2305
2310
2307
2248
2288
2257
2360
2331
2252
2336
2216
2312
2333
2348
2365
2206
2289
2309
2302
2322
2280
2372
2269
2289
2218
2318
2285
2426
2325
2272
2278
2303
2292
2288
2271
2336
2273
2306
2296
2349
2287
2380
2295
2362
2319
2298
2348
2292
2321
2277
2294
2293
2283
2342
2288
2305
2269
2343
2272
2244
2288
2338
2320
2303
2353
2306
2251
2315
2306
2291
2313
2289
2266
2277
2337
2318
2268
2298
2275
2280
2267
2333
2297
2233
2286
2288
2286
2330
2289
2294
2328
2236
2318
2291
2317
2254
2238
2242
2260
2297
2240
2370
2356
2295
2317
2283
2314
2373
2256
2223
2285
2350
2322
2298
2332
2336
2286
2296
2289
2271
2320
2303
2340
2269
2256
2253
2286
2329
2277
2310
2326
2315
2278
2263
2290
2266
2287
2279
2300
2318
2317
2320
2281
2321
2232
2289
2250
2276
2344
2317
2264
2349
2397
2300
2276
2270
2277
2304
2285
2231
2306
2290
2327
2297
2225
2305
2312
2289
2285
2300
2341
2248
2325
2237
2241
2353
2286
2319
2345
2261
2307
2229
2286
2279
2303
2293
2319
2304
2318
2248
2297
2282
2304
2274
2337
2343
2224
2285
2310
2232
2287
2228
2356
2264
2269
2300
2265
2291
2205
2323
2330
2332
2299
2278
2280
2293
2322
2356
2373
2304
2341
2291
2308
2292
2310
2239
2300
2326
2272
2303
2235
2338
2233
2252
2257
2267
2247
2283
2286
2254
2256
2312
2284
2257
2318
2276
2328
2244
2341
2258
2271
2331
2243
2316
2285
2320
2263
2247
2254
2290
2341
2263
2345
2315
2314
2327
2242
2354
2269
2282
2293
2264
2295
2305
2270
2241
2299
2251
2288
2266
2253
2291
2309
2302
2242
2260
2271
2346
2361
2238
2268
2274
2318
2368
2358
2312
2355
2324
2306
2229
2304
2254
2292
2367
2343
2263
2265
2294
2301
2300
2278
2323
2332
2297
2335
2345
2255
2363
2280
2318
2284
2250
2305
2290
2348
2328
2301
2283
2325
2324
2335
2316
2310
2306
2285
2349
2302
2276
2323
2260
2332
2336
2276
2301
2293
2287
2308
2307
2361
2241
2247
2275
2293
2274
2275
2277
2291
2277
2358
2338
2316
2324
2287
2249
2374
2286
2271
2270
2266
2278
2282
2350
2202
2342
2286
2277
2278
2359
2342
2285
2243
2311
2311
2334
2328
2274
2332
2216
2319
2258
2249
2272
2251
2318
2283
2234
2269
2257
2311
2356
2312
2282
2323
2324
2324
2277
2322
2335
