807
850
894
846
814
846
896
824
820
880
822
833
820
861
864
842
900
834
821
872
786
818
785
839
805
778
822
777
747
747
814
810
845
817
806
801
824
797
890
871
885
866
814
799
817
791
833
864
829
827
862
840
893
866
810
789
796
828
773
892
834
824
789
819
770
766
778
770
769
801
805
770
829
821
814
880
803
793
806
801
830
834
848
843
879
866
874
811
843
851
866
763
766
807
796
771
829
841
818
807
795
809
783
851
831
829
847
821
832
851
819
878
824
847
799
805
831
828
796
835
862
872
829
835
799
859
867
766
758
793
863
803
823
873
806
819
820
782
834
862
911
890
861
849
761
816
818
810
795
826
770
735
808
794
814
836
833
817
807
782
781
787
788
763
757
840
785
831
886
821
810
873
797
798
812
850
861
811
839
834
847
849
847
810
822
771
793
782
842
840
838
843
904
802
816
828
785
794
761
752
789
831
798
813
859
898
875
849
826
817
846
886
820
792
825
842
814
797
846
801
831
869
847
842
904
859
847
840
818
789
847
821
841
813
793
726
766
776
813
798
807
849
825
825
814
818
809
855
909
806
797
879
841
794
755
803
830
850
845
888
892
929
847
801
812
774
790
805
816
759
795
760
789
748
755
800
822
814
765
829
858
795
797
864
850
821
854
835
881
857
819
787
836
838
847
870
907
906
818
913
802
760
747
810
799
779
769
807
813
794
772
782
842
798
844
835
844
855
922
859
857
797
896
831
829
834
880
822
885
905
877
876
920
923
898
868
871
802
735
758
769
785
778
785
788
812
790
819
802
791
838
812
821
807
854
833
790
844
844
817
837
861
874
862
935
934
887
898
944
884
898
858
816
814
810
751
833
827
800
768
797
834
820
822
764
832
791
832
780
796
792
818
850
845
818
864
849
884
874
900
867
899
873
854
912
923
925
896
816
840
782
772
818
785
824
852
816
874
812
808
871
824
803
854
842
821
830
852
820
878
841
866
835
858
880
888
791
886
855
820
925
996
893
871
869
854
748
763
759
767
824
807
824
881
827
869
866
847
857
867
809
783
778
838
882
913
883
849
778
846
884
895
881
823
919
891
895
889
957
874
890
840
836
851
833
812
805
799
868
849
854
868
867
813
856
781
794
788
810
847
865
890
945
855
863
879
859
844
847
918
905
920
867
880
901
855
922
931
890
851
887
872
862
816
852
870
834
891
864
842
814
833
785
767
785
869
805
852
847
873
833
825
869
847
795
896
877
866
861
873
852
893
905
849
865
884
928
871
910
862
856
847
859
881
873
827
801
826
816
721
798
804
821
824
819
820
859
844
842
877
860
904
869
867
893
815
850
860
902
862
826
872
888
880
917
866
892
875
824
863
869
820
822
813
865
830
860
857
857
878
827
796
881
850
884
855
858
872
809
806
803
906
846
837
898
891
872
901
905
884
864
838
827
875
839
870
882
834
800
840
798
830
826
768
793
796
845
844
892
884
927
890
883
908
866
902
876
826
854
846
824
838
811
820
873
882
848
847
815
868
865
836
841
781
821
809
819
822
816
810
797
804
846
800
882
889
887
890
893
923
816
868
865
903
829
816
904
837
874
836
879
886
852
877
844
868
845
818
847
849
788
776
836
839
819
831
840
883
804
784
943
856
905
912
905
869
829
848
844
849
829
846
852
805
754
812
819
826
826
845
872
876
881
881
887
828
851
848
785
865
894
872
899
834
828
830
950
850
877
824
874
871
844
773
827
818
797
823
823
840
822
840
813
840
821
851
849
842
872
889
853
861
836
807
815
874
888
871
896
879
831
817
873
800
854
859
843
869
800
802
850
821
828
832
854
850
775
838
825
876
887
836
842
883
841
827
873
865
835
806
774
808
830
840
828
870
880
884
810
838
838
884
813
856
788
786
815
793
806
880
852
815
865
824
803
818
820
804
828
865
894
848
904
889
866
845
818
803
843
818
810
881
874
892
802
857
801
868
855
811
795
762
812
827
784
807
840
809
798
804
803
817
819
804
834
807
874
837
878
837
843
818
794
814
850
855
822
838
827
816
758
735
742
834
789
799
795
828
832
844
844
872
796
771
809
828
818
872
851
856
813
825
824
799
848
877
854
897
795
821
821
815
828
855
867
901
746
782
749
815
809
816
823
833
832
822
832
811
813
829
861
823
843
811
815
816
772
820
828
832
806
879
842
839
820
825
830
822
829
851
894
912
722
746
797
868
789
857
827
795
854
805
782
754
785
780
759
765
759
795
786
787
775
806
834
851
803
842
873
914
864
839
861
824
866
849
925
935
786
775
795
808
813
815
844
871
794
840
763
857
790
800
771
772
761
789
802
812
737
793
857
837
830
864
847
906
851
879
944
875
855
823
841
921
822
765
781
797
801
812
809
820
824
815
735
843
806
736
819
785
795
801
820
818
849
815
802
821
888
866
860
859
857
866
856
881
898
870
838
889
739
800
821
805
831
810
833
783
785
730
751
764
787
807
791
756
799
818
784
792
754
873
823
862
817
852
851
867
811
833
891
870
937
856
877
874
806
774
859
840
800
830
867
785
785
801
791
835
803
805
796
749
762
772
751
745
781
795
845
866
851
834
870
820
848
810
819
847
866
869
776
861
807
775
847
795
800
764
783
814
759
832
830
824
830
792
856
784
787
802
795
764
804
793
795
842
913
843
873
854
825
814
814
863
842
834
810
820
813
837
830
807
822
802
830
881
759
760
810
850
837
771
832
814
844
807
806
814
781
805
790
888
842
858
889
805
874
846
823
868
778
841
794
819
808
806
765
813
814
785
820
779
849
800
782
826
811
834
829
786
779
807
798
770
776
789
767
878
827
873
826
824
842
799
834
821
818
833
790
840
784
822
802
810
814
800
829
812
835
831
812
846
842
868
853
841
824
852
856
853
804
814
800
787
859
858
849
836
824
857
792
849
855
798
805
840
