428
515
670
609
783
641
561
484
604
554
571
567
616
633
507
608
615
600
684
666
689
655
691
554
613
645
665
692
431
450
566
581
553
540
562
484
579
518
547
568
449
474
513
511
462
480
526
516
609
530
557
529
589
678
511
477
404
512
589
551
561
466
555
497
539
536
550
515
494
538
479
512
633
604
613
500
613
504
470
528
612
577
552
556
515
540
529
580
622
689
563
526
519
543
533
669
620
613
475
394
462
509
563
664
701
673
562
565
595
613
522
582
525
489
468
547
542
535
492
552
635
532
556
607
682
493
481
523
608
581
512
650
684
588
529
550
540
600
639
563
425
442
494
490
497
587
518
543
588
533
459
491
623
564
518
495
484
467
468
658
568
509
480
576
449
469
593
498
537
485
442
502
549
529
614
564
551
586
581
620
565
449
478
427
407
507
535
483
600
447
460
566
506
641
706
602