4
3
2
7
6
4
2
1
8
8
0
4
2
7
1
4
0
5
5
0
2
3
2
6
3
6
5
5
0
2
4
7
1
6
8
3
5
0
2
4
8
6
6
2
1
5
3
7
7
3
0
0
1
7
5
4
2
8
7
5
2
1
5
1
8
2
1
4
5
7
0
1
4
2
7
8
2
0
6
7
6
5
1
5
4
5
2
0
0
3
6
3
0
0
0
1
2
1
5
0
5
7
3
3
3
2
0
7
8
5
8
3
6
5
1
5
7
2
0
4
3
6
5
6
4
3
2
7
6
8
7
5
5
7
7
1
5
4
6
6
1
0
2
7
4
4
0
8
4
4
1
7
0
5
4
3
5
1
2
2
0
3
6
6
2
5
8
8
5
6
0
2
4
0
1
2
4
4
7
5
4
0
2
5
2
0
8
4
7
5
7
2
3
0
3
8
5
2
4
8
2
2
4
1
6
8
0
8
3
8
2
7
1
2
5
3
7
6
1
2
7
2
6
5
0
0
0
2
5
4
6
5
8
6
3
4
1
3
0
2
0
5
8
2
4
2
0
8
8
8
8
5
1
8
3
5
7
0
7
1
6
0
4
3
5
0
7
6
0
6
5
0
8
1
1
7
4
6
6
6
7
3
4
1
2
2
3
4
7
8
4
8
4
1
0
5
8
4
7
6
3
6
1
6
2
6
4
6
0
7
1
0
7
0
7
3
7
3
7
1
6
3
2
5
5
5
4
5
7
1
2
2
2
5
2
2
0
5
8
1
8
7
8
1
3
7
1
7
8
6
3
2
1
1
2
0
6
2
2
8
3
6
3