19
17
21
20
21
18
20
18
14
20
22
18
20
19
15
16
14
14
11
16
15
18
17
15
16
14
9
11
12
14
18
16
20
20
17
20
17
14
14
21
19
19
22
20
17
17
17
14
15
15
13
16
17
11
12
16
13
16
14
9
16
15
21
19
19
21
18
16
18
24
16
18
15
16
12
20
17
17
19
17
12
10
13
14
13
11
14
15
18
16
13
16
16
12
16
17
19
19
19
16
10
17
19
16
14
18
17
18
14
12
14
15
12
9
11
10
13
15
15
12
16
14
15
14
19
18
20
20
17
18
15
16
17
16
17
14
17
16
17
15
14
12
13
11
14
13
11
15
14
14
21
15
14
19
18
17
18
22
15
9
17
14
17
11
11
10
10
12
7
9
15
15
10
9
16
12
13
12
14
18
14
16
12
19
19
11
13
18
23
18
17
14
16
14
16
12
16
16
16
12
12
14
16
13
13
13
15
16
14
16
17
19
14
13
15
17
12
18
23
16
16
12
14
17
15
13
11
11
16
17
19
12
17
18
11
17
15
16
19
16
15
16
15
20
17
19
17
15
21
16
15
19
18
15
14
13
18
16
16
12
18
13
14
15
12
13
13
12
14
19
12
11
17
18
17
17
15
16
17
19
19
23
17
17
15
14
12
16
14
17
17
19
18
18
17
18
17
17
11
13
15
11
17
15
19
18
16
13
11
15
19
18
12
15
12
16
16
13
19
17
22
16
13
15
10
12
13
18
12
11
13
15
16
13
14
15
17
18
12
18
13
17
17
18
11
14
16
18
17
21
22
19
21
18
17
10
14
12
15
13
15
15
17
18
13
14
16
14
16
17
9
17
17
14
13
15
18
15
16
10
17
18
14
14
12
14
12
12
10
17
18
15
15
16
12
16
19
16
16
18
10
12
15
15
13
16
16
16
15
15
12
22
20
16
11
15
13
12
12
13
17
12
15
18
11
16
16
18
18
20
16
14
14
13
8
10
10
14
15
22
17
13
14
15
15
18
15
9
13
15
17
14
15
12
16
18
17
13
16
15
12
14
12
15
17
20
16
19
18
19
12
20
19
17
14
19
15
12
14
14
22
16
19
13
12
16
18
17
19
19
16
15
14
12
13
19
14
19
18
17
10
17
18
14
18
17
18
11
17
15
16
18
17
17
12
15
14
13
20
21
15
15
10
19
15
19
17
17
16
14
16
21
16
11
16
17
18
16
17
17
16
16
16
12
11
14
13
14
17
18
15
18
14
11
12
13
15
19
21
24
16
18
16
13
19
19
15
13
21
17
21
13
14
14
12
18
12
15
16
9
13
16
10
13
14
24
19
20
16
18
19
18
16
14
17
19
14
15
17
20
21
17
16
18
16
15
11
17
15
11
12
16
14
15
13
17
20
20
20
16
17
19
17
13
18
17
11
18
19
20
20
20
17
15
20
12
13
15
15
14
10
12
15
14
15
19
16
15
12
17
14
17
20
14
12
15
16
18
20
18
19
19
18
17
18
14
14
11
14
12
10
10
15
15
14
15
21
18
17
15
14
12
12
13
17
15
16
18
16
19
22
21
17
18
17
12
16
13
12
18
13
15
15
17
17
19
19
16
17
18
15
20
17
17
19
14
14
18
17
12
18
18
18
19
22
19
11
17
14
15
17
16
17
12
15
18
19
18
23
17
16
16
16
18
20
13
16
17
19
15
18
22
17
17
16
17
15
16
14
13
18
21
16
13
14
16
14
15
22
15
19
19
20
17
15
12
10
16
16
13
16
19
15
21
18
18
17
14
11
10
9
17
17
16
17
15
17
18
19
13
13
10
12
17
16
18
16
13
14
14
15
15
16
16
16
17
15
18
14
12
14
16
14
17
20
14
15
15
17
16
18
18
18
18
12
13
14
17
15
17
14
17
12
20
16
20
11
17
17
14
14
14
12
15
17
12
16
10
19
15
16
17
17
16
18
20
18
17
13
21
10
16
17
20
22
20
18
17
19
17
17
16
18
15
17
11
13
11
14
16
18
16
22
19
17
14
17
20
18
16
