30 26 25
30 29 30
33 30 35
36 27 34
32 35 32
33 23 33
33 28 32
31 23 35
29 25 33
25 29 37
32 22 36
29 27 36
32 27 34
29 24 36
35 27 31
33 27 43
37 31 41
35 32 38
32 25 30
34 32 26
37 26 29
38 30 31
33 24 27
34 32 28
33 25 32
24 31 40
30 27 39
26 26 38
31 26 38
33 30 38
29 30 44
22 33 41
32 29 40
32 27 38
29 30 35
25 28 30
29 27 31
31 21 36
29 26 35
27 31 35
29 28 26
25 31 28
33 30 35
34 24 30
32 24 37
28 27 29
34 26 33
39 23 32
35 24 36
31 32 37
32 23 41
29 29 37
36 29 40
32 30 36
28 28 36
40 32 33
36 32 29
33 23 34
36 24 32
28 31 31
29 31 38
29 31 35
33 29 35
28 32 35
30 27 39
31 31 37
34 30 36
30 25 40
26 31 38
39 30 36
34 32 33
30 30 32
28 30 24
28 32 29
28 32 29
30 25 34
34 28 30
32 24 35
33 25 35
35 29 30
32 26 33
30 28 32
27 29 31
40 28 29
31 25 33
25 27 34
35 30 34
35 26 40
27 30 42
33 27 39
34 27 41
42 34 31
38 33 35
34 27 31
36 28 31
32 31 28
28 31 37
27 26 32
32 28 27
33 26 34
32 29 40
28 26 32
28 30 37
33 27 40
28 27 34
26 29 32
31 35 31
34 27 35
25 26 27
30 28 29
29 30 29
26 23 33
30 21 31
32 27 27
32 24 33
33 19 33
32 30 39
37 35 32
36 26 32
41 33 30
34 33 35
29 32 27
36 29 35
33 27 33
29 30 37
30 29 39
31 25 40
35 31 37
37 34 33
31 29 33
28 27 33
29 27 27
30 27 37
32 31 33
30 26 28
32 28 30
33 23 31
26 26 31
29 27 30
30 26 33
29 25 38
32 31 33
35 23 34
32 28 32
31 31 24
28 30 28
35 26 23
28 22 29
27 24 32
32 28 27
31 31 26
30 28 27
30 23 27
33 30 31
37 29 32
34 30 33
35 33 33
32 31 33
43 30 30
37 33 34
33 32 40
30 26 42
31 32 34
37 29 34
34 32 29
28 25 32
30 31 31
31 28 28
33 19 29
37 26 23
32 25 26
32 28 32
37 27 28
25 29 28
33 26 38
29 28 36
27 25 33
32 27 33
30 31 36
31 22 33
37 27 26
34 26 32
26 25 23
31 20 29
34 23 29
28 30 30
35 29 32
31 28 29
33 35 29
30 37 34
35 31 33
35 34 37
28 31 32
30 30 35
37 35 37
33 30 34
26 33 33
30 30 38
34 34 37
31 27 35
29 30 36
24 28 38
32 32 25
31 26 31
32 32 30
30 26 28
30 30 27
29 27 28
32 27 29
28 24 24
27 25 31
28 23 31
32 29 29
27 27 32
26 27 39
29 29 30
35 26 25
34 33 25
31 23 26
30 25 25
32 28 24
29 32 28
31 28 33
30 29 31
37 31 33
35 34 38
33 33 35
33 32 33
33 35 33
35 31 37
29 27 34
29 27 39
26 29 44
28 27 36
34 28 28
35 26 34
28 33 34
23 29 33
32 31 25
30 32 25
38 26 29
33 30 30
32 28 27
35 36 23
33 33 26
30 32 32
21 21 34
34 32 36
30 27 33
25 27 35
27 29 34
30 30 33
31 31 28
34 24 27
34 26 29
33 31 30
25 24 32
32 27 31
30 28 33
31 30 33
34 35 35
30 32 40
31 34 30
29 34 32
32 32 35
32 30 38
31 33 33
31 26 35
31 31 32
29 32 31
31 25 26
32 30 31
35 31 24
33 31 28
29 27 23
31 26 26
36 29 27
29 25 24
26 29 23
26 29 28
29 30 29
23 29 26
22 28 27
29 30 33
29 24 34
30 29 31
24 31 39
26 31 33
36 29 24
34 31 25
30 26 29
34 27 29
30 29 33
33 29 27
33 31 29
31 36 29
29 35 29
35 33 30
31 39 30
30 31 30
28 34 36
35 27 32
32 30 33
30 23 32
32 31 37
28 31 28
33 31 29
29 26 30
27 27 25
33 31 24
26 25 22
25 27 22
38 29 24
33 26 20
20 28 25
27 29 24
32 28 30
24 26 25
29 24 36
27 31 41
24 20 35
19 25 33
30 28 36
28 31 36
32 32 32
30 28 35
29 31 29
28 31 26
35 20 35
35 23 27
28 34 28
30 30 31
32 32 28
32 36 31
27 33 29
29 31 26
32 30 30
25 23 32
30 30 29
29 23 36
33 28 34
33 32 31
32 27 31
32 31 32
29 30 27
26 26 24
29 27 25
32 28 23
33 29 31
30 27 22
24 28 25
30 30 31
28 25 28
19 24 25
29 29 28
21 25 37
28 27 33
24 26 34
28 26 35
29 31 37
37 30 29
29 31 26
30 26 28
28 30 24
28 33 35
28 22 29
33 32 34
29 33 28
35 34 27
31 27 28
28 34 24
32 28 27
36 31 30
28 31 30
28 24 32
32 25 31
33 28 34
31 22 30
29 26 29
30 26 32
28 23 25
28 30 28
31 27 24
25 28 21
30 23 25
30 22 22
28 26 28
27 25 28
31 22 31
25 25 31
28 27 32
29 29 30
26 26 31
25 35 36
27 36 31
35 29 31
31 28 32
32 32 30
30 31 32
34 33 27
32 22 33
32 25 32
33 28 31
26 24 31
32 31 28
24 32 29
28 29 26
32 28 25
31 26 32
29 28 33
29 26 28
29 21 33
30 30 31
25 25 36
29 23 29
25 31 30
35 31 25
31 26 25
31 29 21
28 28 29
28 27 26
35 25 25
26 21 29
26 25 36
27 26 38
20 22 32
25 27 37
28 21 36
21 31 27
24 31 35
31 29 31
32 24 24
33 27 38
28 27 28
25 30 38
31 26 28
29 32 33
30 30 33
25 30 36
28 29 27
30 28 24
25 31 28
23 28 27
28 29 25
25 24 25
25 24 29
33 22 32
31 15 31
27 26 35
25 27 30
29 27 32
25 28 28
26 29 27
28 30 32
28 33 29
32 22 31
30 26 36
33 28 33
31 22 32
28 24 33
32 25 36
27 18 33
28 22 37
24 26 33
29 29 32
25 34 29
26 31 31
29 27 33
27 31 33
26 35 34
27 30 30
23 27 29
28 30 33
31 26 31
28 28 34
27 32 38
30 33 29
27 31 26
25 28 20
31 23 22
28 30 27
25 27 30
30 20 34
27 28 39
27 26 35
29 29 32
30 26 26
31 25 28
31 30 28
34 32 33
32 28 32
35 29 28
34 22 33
37 28 34
28 25 38
30 23 43
34 18 40
26 15 41
31 23 34
30 23 29
24 29 29
31 29 29
23 28 35
31 29 30
30 28 37
29 31 34
27 29 29
30 28 25
29 30 36
24 36 33
27 30 33
23 30 36
23 28 28
22 28 33
24 26 24
29 32 27
31 29 31
24 31 33
34 25 30
32 27 31
31 24 29
22 27 26
27 25 28
31 26 27
33 27 29
32 29 31
28 23 32
27 26 25
30 23 35
30 26 37
29 26 40
31 25 35
28 20 33
30 23 30
28 23 34
27 25 34
32 23 29
28 25 29
28 27 32
27 33 23
23 28 30
29 30 34
30 33 29
31 30 29
26 32 31
26 26 31
29 32 30
30 24 31
25 29 25
25 28 31
26 30 28
30 33 35
34 32 28
25 34 32
32 21 28
29 29 30
32 25 30
25 22 32
29 24 30
33 29 32
31 29 25
30 27 27
33 28 34
29 30 32
31 22 37
25 27 34
23 23 33
29 27 39
31 24 38
26 20 37
32 22 39
27 18 36
33 27 39
29 28 32
21 27 30
23 32 27
29 34 38
26 30 29
29 32 32
32 31 31
28 33 30
28 31 25
30 28 34
23 33 30
23 27 35
27 27 28
27 28 29
25 30 26
35 31 30
28 27 35
26 28 32
29 17 35
25 24 32
27 22 26
29 27 33
37 27 31
31 28 29
29 24 32
29 24 31
30 24 31
27 20 33
31 25 35
28 22 38
31 23 31
29 21 36
25 21 32
34 29 29
34 22 31
28 24 36
34 26 29
27 32 34
23 28 34
37 32 30
25 29 34
28 33 37
31 32 32
32 30 27
27 37 27
24 28 28
27 30 31
24 30 36
24 28 31
32 28 28
25 30 27
27 26 31
30 33 35
33 25 33
28 30 38
28 24 29
33 18 31
26 23 30
35 26 30
32 21 33
26 27 31
31 20 35
31 23 37
31 21 33
29 23 38
26 25 35
28 24 35
37 26 39
28 24 33
35 22 32
34 24 33
31 20 37
30 24 30
30 26 39
25 32 33
30 29 32
26 27 35
27 34 36
26 32 29
26 32 27
25 35 27
27 29 30
25 31 34
24 29 30
23 26 31
33 25 31
29 28 32
26 30 38
28 28 35
27 28 29
33 23 35
26 20 31
28 29 29
33 24 30
31 26 29
38 23 27
24 24 31
31 25 39
32 20 38
24 21 39
27 23 33
30 27 35
28 26 34
29 24 33
31 25 28
33 28 28
35 22 28
36 29 35
32 26 28
32 27 37
26 25 35
30 27 31
33 31 35
28 27 30
30 31 29
20 33 31
30 29 27
26 30 35
25 29 33
27 31 30
28 32 28
27 28 33
32 31 36
34 26 33
33 22 37
28 28 33
26 26 40
30 27 31
26 18 30
26 25 29
29 20 31
39 22 36
30 26 39
32 22 39
36 25 37
33 22 37
26 32 36
30 28 34
26 22 33
26 28 32
30 27 33
30 26 31
38 32 29
32 25 28
28 28 31
31 24 36
29 30 38
27 31 30
27 35 29
27 29 32
27 34 29
21 32 25
31 35 29
25 24 32
29 33 39
20 32 33
31 28 35
26 26 34
30 31 34
30 28 32
25 28 32
32 25 31
29 25 31
24 26 33
29 25 27
30 27 28
25 25 26
36 24 30
38 28 31
30 23 34
27 26 34
32 26 41
38 25 36
30 25 37
34 26 35
40 27 27
36 28 33
33 32 26
36 32 33
39 23 31
28 31 34
28 22 31
27 27 35
31 24 31
26 25 31
29 25 38
30 32 31
25 27 33
26 25 29
25 35 33
26 34 36
24 32 30
24 26 41
27 29 40
30 29 39
30 25 35
28 22 34
29 27 41
25 21 32
28 31 33
32 25 32
31 27 28
25 21 36
34 24 27
33 29 31
26 22 33
28 19 35
34 26 36
35 30 39
28 22 38
30 30 30
35 29 32
33 34 32
29 25 26
38 30 32
39 29 26
39 26 33
38 29 31
35 28 35
29 25 27
29 25 27
29 20 29
31 25 30
26 26 29
28 27 29
33 21 30
31 38 31
30 30 30
28 34 37
33 27 34
34 29 35
32 25 34
28 27 34
28 22 32
29 24 29
30 21 35
31 24 27
30 28 31
30 23 29
35 26 29
31 25 32
29 25 31
32 22 33
28 29 31
30 28 36
30 25 31
29 25 33
31 21 36
34 31 31
33 34 35
34 30 32
34 26 34
36 29 33
33 26 33
33 28 35
27 27 28
27 32 30
31 26 33
36 25 34
36 22 29
30 27 30
30 29 30
33 25 30
28 28 30
18 34 31
32 31 36
35 29 42
31 27 33
33 23 32
35 25 35
32 17 34
31 30 35
33 27 30
24 29 33
24 25 30
32 28 29
33 23 38
28 23 32
29 28 28
34 27 30
26 23 33
32 24 26
30 36 31
31 28 34
33 29 34
37 30 38
31 30 36
33 32 34
35 33 34
27 30 33
33 24 29
29 26 33
26 27 34
27 23 29
32 29 28
37 26 30
35 22 31
34 28 32
35 30 27
26 24 32
26 30 33
22 30 30
32 28 35
35 26 30
34 25 37
32 29 31
32 20 34
32 28 34
32 24 36
34 30 39
24 24 29
31 26 31
34 34 31
31 23 36
28 25 27
32 27 30
33 23 34
28 27 32
29 31 38
37 28 35
36 26 29
33 30 36
35 29 35
36 26 34
33 28 38
38 32 35
30 26 32
24 27 32
22 33 30
26 20 30
28 25 32
29 29 28
31 25 32
32 24 27
31 30 29
26 25 23
35 34 28
30 30 29
37 30 31
40 24 27
34 25 32
33 22 36
36 19 32
41 22 34
32 24 32
30 28 35
32 18 34
31 29 35
31 29 30
33 27 35
31 26 31
25 26 33
29 25 36
31 23 31
31 25 28
34 32 34
40 21 28
31 29 35
33 25 34
38 28 40
31 28 39
33 28 35
35 25 36
27 24 36
32 31 33
29 28 36
29 34 34
32 26 28
28 30 28
30 29 29
29 25 26
24 29 28
31 32 26
31 27 29
34 25 32
39 30 33
35 27 29
36 25 36
37 29 30
35 26 26
31 28 29
26 23 31
29 27 26
30 20 33
32 25 37
36 23 33
32 29 30
32 24 30
33 28 38
30 29 29
34 24 30
31 33 33
31 27 31
31 29 31
28 22 31
32 22 35
31 27 38
30 27 35
35 25 37
26 39 29
31 26 31
32 30 32
27 28 32
32 27 25
34 29 30
31 28 29
31 30 27
33 29 25
30 29 32
31 27 27
32 28 31
35 28 26
37 26 31
39 28 30
37 27 27
37 18 30
28 29 26
28 23 28
34 31 26
30 26 32
31 32 32
38 24 31
35 27 27
30 28 26
29 27 37
30 28 29
28 32 26
32 35 30
32 26 30
31 31 33
33 32 34
36 21 33
35 28 39
34 31 34
30 27 35
29 34 29
28 32 29
30 32 33
30 35 35
29 28 25
32 33 27
29 24 26
32 27 26
28 26 29
29 33 29
26 26 29
30 26 26
32 24 32
37 29 33
39 31 35
34 29 35
35 23 29
36 29 31
31 25 26
31 26 25
33 17 27
31 24 29
38 27 30
35 28 29
32 27 25
36 28 35
35 27 31
30 26 30
31 27 34
30 30 34
25 30 34
28 30 30
35 31 31
36 23 37
31 26 34
29 28 35
28 28 30
25 32 37
23 29 28
23 29 31
22 32 27
25 32 27
33 33 23
25 35 27
25 27 27
34 26 29
31 28 31
29 25 34
36 24 31
34 23 32
31 28 24
34 26 32
33 26 29
34 22 23
32 23 25
28 31 23
28 22 24
28 23 22
36 27 24
32 27 25
31 31 29
33 22 22
33 27 27
30 28 29
32 23 31
28 24 26
24 28 35
33 32 27
33 29 37
37 30 36
34 24 40
31 30 40
24 32 22
30 33 30
27 30 32
28 27 28
30 29 30
24 40 27
31 29 24
31 32 32
28 30 27
32 33 33
35 26 32
36 26 37
39 24 30
36 28 29
36 31 25
40 35 30
39 29 26
39 37 22
29 26 28
27 25 21
32 20 24
33 26 25
29 25 31
34 20 28
29 27 33
33 30 32
38 25 29
29 26 32
30 24 34
32 24 27
28 27 31
30 31 33
31 30 35
28 32 36
31 25 32
36 33 36
26 33 35
29 35 32
27 22 28
28 31 28
33 26 28
29 34 30
25 34 34
31 34 32
33 25 29
27 28 33
30 27 30
32 26 40
30 22 33
34 21 34
36 23 28
31 34 33
38 22 31
32 32 23
34 35 28
30 25 25
29 20 29
33 18 27
30 33 27
22 21 31
26 25 30
34 28 30
28 25 28
27 29 27
24 23 32
26 24 29
34 27 36
31 32 38
26 30 40
37 37 34
28 28 35
29 30 35
28 29 37
29 33 29
30 27 32
28 26 32
33 25 28
30 29 28
29 28 33
29 27 35
36 35 36
36 31 34
32 22 31
30 28 35
31 23 30
35 26 36
32 27 31
27 29 27
33 23 28
34 26 29
31 27 31
28 24 29
33 19 37
34 25 29
25 25 31
31 27 29
25 27 35
30 23 41
34 29 30
28 24 32
29 24 38
23 25 39
21 26 43
33 30 33
22 34 37
32 27 38
35 32 39
29 32 38
28 32 37
31 31 32
30 30 32
25 32 35
32 28 31
31 28 29
24 24 28
28 30 32
32 30 33
34 30 31
33 26 34
30 24 39
35 23 31
34 27 37
29 29 30
32 27 26
32 25 27
37 26 29
27 28 29
29 22 26
25 26 30
28 25 27
25 26 42
23 27 41
25 24 36
27 31 35
30 27 37
25 27 37
25 27 39
25 27 30
24 30 34
24 37 34
28 35 37
31 34 36
32 29 38
31 36 37
31 38 40
24 27 31
27 29 31
30 29 33
26 30 30
24 27 25
24 25 29
32 27 31
34 31 38
28 23 32
32 27 36
29 29 35
32 23 34
29 28 37
27 27 37
27 30 30
37 28 34
36 28 31
30 27 27
32 28 33
31 27 40
32 25 36
28 26 39
25 30 36
25 29 39
26 26 41
27 25 36
20 27 35
26 21 40
20 26 34
24 27 38
23 23 38
27 30 41
29 33 43
28 32 35
30 32 37
29 34 35
30 33 37
30 32 33
37 32 28
31 32 30
30 28 29
29 23 26
29 27 34
33 28 34
31 25 33
31 25 37
35 28 37
34 21 33
31 26 34
31 29 39
27 33 35
37 28 33
38 27 29
34 28 30
29 26 30
34 22 35
33 26 32
35 30 37
29 31 37
32 29 41
30 35 34
26 25 40
24 25 42
26 27 43
25 26 34
26 26 36
32 33 42
26 31 38
32 32 39
27 34 40
36 25 30
