89
78
103
84
87
85
83
78
76
90
91
91
76
72
75
71
83
85
90
85
97
93
87
85
87
85
76
87
97
90
102
84
80
85
92
93
86
90
77
86
90
84
77
84
86
89
90
79
98
86
86
73
78
75
76
87
90
93
98
94
89
91
98
80
89
91
83
80
91
96
99
95
96
90
95
75
86
81
92
91
86
88
82
83
94
95
96
88
88
85
69
76
77
83
94
103
91
101
94
92
95
93
80
82
81
81
88
89
86
85
93
92
92
86
85
69
73
81
95
83
93
99
103
96
90
84
94
95
83
75
68
73
80
97
93
94
89
92
92
84
96
82
82
83
83
82
80
83
83
97
99
97
90
90
79
81
87
85
85
88
87
101
88
78
90
91
100
79
75
77
84
85
85
84
84
88
85
90
98
90
97
84
91
87
85
79
96
87
96
84
91
91
83
87
81
82
85
101
85
79
79
78
76
74
83
79
84
84
83
103
85
81
79
83
80
83
84
94
75
83
80
90
87
90
79
87
81
89
88
83
93
88
96
87
99
84
90
74
80
86
82
78
80
86
96
93
94
93
97
94
91
79
86
82
90
98
91
81
81
77
92
86
86
85
84
91
82
86
84
100
81
90
81
94
82
88
86
94
96
87
82
88
90
83
95
88
102
103
92
92
92
87
90
88
93
96
103
90
98
84
95
79
96
85
80
86
81
98
97
91
93
86
90
80
95
98
99
95
91
84
87
84
85
92
85
89
97
90
87
78
90
84
88
90
91
86
95
95
99
91
78
79
93
90
83
87
90
90
83
96
86
85
87
99
102
92
100
77
87
97
74
91
90
89
89
83
78
74
89
94
104
86
90
85
84
97
98
94
90
88
87
92
91
87
88
80
82
84
85
82
95
89
106
89
94
91
88
84
87
94
91
93
84
92
79
88
93
94
89
80
90
81
103
87
93
93
92
90
92
86
88
78
80
84
89
92
86
81
80
101
98
87
84
89
91
91
82
81
94
98
100
94
93
90
87
93
96
83
82
85
84
90
94
87
87
89
81
84
90
81
90
79
91
77
91
92
98
75
84
86
82
83
80
80
91
91
101
92
93
88
85
92
84
91
86
87
91
74
74
85
91
95
96
107
88
88
84
98
81
83
82
83
83
87
80
81
83
88
82
84
76
83
88
93
94
95
89
98
85
95
84
96
93
88
81
86
78
85
90
84
97
101
97
98
93
88
87
78
83
82
90
90
92
80
80
90
79
99
85
88
92
89
97
95
101
80
88
71
90
93
81
73
81
79
100
79
91
87
84
88
81
102
82
85
80
85
94
84
100
83
91
72
81
72
103
82
88
85
87
84
87
89
88
81
76
87
82
91
89
94
93
78
89
93
85
82
87
93
84
84
96
95
94
81
76
81
83
88
92
80
85
90
90
94
79
91
83
82
90
67
82
89
83
88
90
93
86
84
85
82
91
97
99
92
96
84
87
80
81
89
91
89
90
92
76
75
88
84
83
87
84
88
80
87
78
82
83
93
92
83
84
90
93
89
93
92
93
89
89
99
78
99
88
91
80
91
87
87
86
93
84
84
90
96
83
85
88
80
80
95
95
87
92
90
72
83
81
86
81
83
92
99
96
83
94
93
95
98
97
101
97
90
77
79
94
89
96
94
89
94
86
83
88
93
93
87
89
91
82
87
81
77
90
89
98
83
91
85
94
93
98
90
86
82
97
95
87
85
93
88
80
76
84
88
87
90
101
84
84
82
77
86
93
89
91
86
87
87
86
85
87
90
79
94
86
94
78
86
94
78
87
90
93
98
96
90
84
88
76
76
70
85
93
87
98
99
92
85
89
88
95
81
84
89
79
82
85
87
80
84
99
86
93
89
83
82
75
82
81
88
82
88
88
91
95
85
80
80
73
86
73
88
84
98
88
78
71
87
88
98
93
86
86
85
91
87
94
87
86
87
85
82
85
87
87
81
88
95
91
90
84
84
102
93
87
86
82
82
82
77
86
102
102
92
90
82
96
95
90
85
88
93
84
92
96
93
94
88
90
79
89
83
87
85
89
97
100
92
92
90
100
97
90
89
86
87
93
87
92
94
98
104
90
81
84
98
88
79
89
88
96
87
79
87
98
86
81
83
101
89
88
81
82
89
94
100
88
100
92
97
94
87
84
93
80
91
87
92
96
86
90
77
81
87
92
83
89
73
80
79
86
87
92
86
98
89
95
90
82
90
86
90
85
95
83
86
100
97
96
87
90
83
91
86
96
96
88
81
89
89
89
86
82
90
87
89
84
85
85
81
80
88
87
91
82
80
90
95
90
107
85
91
87
88
86
95
89
88
88
80
91
81
94
98
88
100
96
78
84
89
80
91
84
93
85
86
75
82
93
89
89
90
98
82
95
92
84
91
93
87
84
82
91
95
89
89
78
91
84
94
96
98
96
92
88
84
88
83
88
87
77
77
89
87
81
93
89
92
92
81
87
89
86
75
89
80
83
86
77
91
80
92
87
93
86
85
85
84
87
93
98
100
94
96
91
85
93
92
82
86
88
78
94
90
90
102
84
82
90
95
92
92
79
81
74
81
84
82
97
88
86
90
94
85
96
100
95
82
92
86
101
87
90
98
89
86
90
82
90
84
83
81
95
96
104
91
96
86
96
94
95
77
88
82
86
87
91
94
94
86
83
91
96
98
88
88
79
85
82
92
86
94
95
89
73
91
93
85
79
89
87
91
87
106
95
82
88
75
90
84
84
83
81
89
89
86
88
87
81
79
92
91
89
88
95
89
97
92
89
76
89
93
80
81
76
85
95
90
92
85
90
95
94
89
82
90
89
93
81
83
86
84
82
82
80
99
90
93
79
86
78
80
77
81
94
93
85
93
89
88
84
79
82
92
97
90
95
99
92
83
77
78
88
82
94
88
85
89
86
80
74
76
81
90
100
94
83
85
85
84
81
80
85
94
93
90
90
87
80
77
77
82
98
98
92
104
94
86
98
86
97
88
98
91
94
95
93
95
87
91
78
81
79
98
100
86
81
85
86
76
89
86
93
97
91
83
83
82
79
78
88
77
87
91
79
95
87
98
91
88
90
81
81
87
91
87
91
80
76
77
87
83
85
97
83
96
94
88
85
79
89
93
91
85
85
74
84
79
69
84
85
84
89
72
86
93
89
94
92
92
77
90
90
98
79
83
91
81
84
83
84
77
88
90
102
93
98
85
78
75
84
92
89
81
78
87
91
85
75
88
85
87
86
82
89
91
82
79
88
74
84
86
93
80
84
94
90
80
87
80
87
86
92
103
95
86
76
78
83
92
75
80
85
76
90
91
75
81
89
83
89
80
87
102
92
85
72
80
82
83
87
82
88
82
91
88
82
85
80
89
80
84
88
86
85
74
87
83
93
86
86
91
88
89
93
91
82
91
82
89
77
97
99
95
90
83
83
79
93
94
98
