1017
1007
1047
1003
1039
1002
1028
1064
1001
1033
1032
1034
1016
1003
994
1016
1031
1026
999
993
1046
1045
1023
1050
1025
1027
1029
1028
988
1032
1042
1055
1019
1048
1017
982
1015
985
975
1027
1022
1051
1015
1010
992
1008
1044
1014
1025
1024
1020
985
1042
1067
996
976
1011
1040
1017
1027
1011
1009
1027
984
1036
990
1045
977
1014
1054
1048
1025
987
965
1011
1038
1044
1031
1016
1021
1030
1042
1029
1005
1047
1039
1015
1011
975
1027
997
1018
1072
1004
995
985
1037
1014
1042
1012
999
1030
1002
1040
1009
1061
1030
1033
1014
1006
1010
1026
1028
1021
1048
991
994
1019
1050
1015
1005
1001
1012
1017
994
961
1020
1011
1038
1044
991
1011
988
1007
1010
1056
1046
1030
1053
1048
1007
973
1024
997
984
1015
1014
989
1035
1001
1004
1010
1032
1049
1005
1008
1056
1036
1023
1043
983
1027
1035
980
1007
1017
1020
1013
989
1005
983
1020
1043
987
1027
1022
1027
985
1041
1029
986
990
1033
1000
1049
1014
1044
1065
985
987
1000
1028
1006
999
1018
1040
1050
1049
988
1007
994
1024
979
1037
1000
1004
1021
1007
1042
1035
975
1038
1011
1001
991
977
1052
1006
1044
1006
1033
1028
1015
995
1025
1056
1007
1000
1001
1003
987
1055
1022
1028
994
1077
1073
1059
1067
1021
1000
998
1031
990
1031
1026
1065
990
1006
996
1021
1017
1020
1031
999
998
1000
1002
1021
1048
1041
1026
980
1063
1015
1008
986
1051
1065
1011
1002
1030
987
1028
965
1018
966
1027
972
1024
1021
1000
1005
1032
1029
1008
1040
1022
1008
984
1001
1034
1027
1016
999
1011
983
968
1001
999
1035
1015
1032
1062
1007
991
1015
1055
1017
1027
964
987
1003
1016
1020
1022
1008
1007
1003
951
1012
1028
959
1037
1009
999
1009
986
978
1024
1041
1023
1030
1013
1023
1033
1004
1017
1048
1046
1032
1003
1037
992
1061
995
1025
954
981
1036
1025
977
1007
1003
1011
1006
1055
991
1016
1025
1021
996
1033
1014
1006
1025
990
1027
1041
999
991
1004
1030
995
991
973
993
1058
1034
1041
998
1035
1058
990
1067
968
1014
1042
1014
1057
1045
1033
988
1002
1025
1041
1012
997
993
1007
997
973
1043
1058
998
1026
1033
1033
983
1019
986
1015
1015
1011
1020
1059
1029
1038
994
1030
1010
1050
956
1037
1027
1011
999
1019
1023
1040
999
1007
1026
1012
997
998
1056
1027
1040
1021
1011
1020
1026
1028
1082
980
1031
1017
1018
1006
1035
1026
972
971
1044
1031
1040
1036
1009
1005
980
1030
1036
998
1030
1000
980
1005
1029
989
1000
1033
1021
1029
1020
1040
1010
1036
987
1022
1036
1011
1029
1030
1054
1001
1012
1050
1011
986
1003
989
991
988
1041
1016
1021
968
1028
1034
962
1017
1021
1061
956
1015
1035
1015
1026
1079
1033
1038
1009
999
1043
1005
997
1015
1035
1026
1014
1014
1029
1009
1017
994
1016
1021
1007
1012
1044
1010
993
1006
1022
1051
998
1033
1013
1005
958
1018
992
1030
1074
990
1022
1023
1012
1029
1021
1048
1003
988
1035
1027
1010
1024
1010
1024
1028
1037
1041
1022
1007
987
1019
1017
990
1002
1031
1022
968
1050
1032
972
1032
1020
1013
1016
992
1006
1005
987
981
1030
1010
1013
1027
1045
986
1001
1003
1021
1038
1054
981
1046
1040
1042
1013
1036
1035
1010
1000
1005
1023
1051
1014
985
1083
1039
1014
1005
1033
969
1041
1020
979
998
998
1039
1025
1020
992
990
963
981
1070
1024
1021
1039
1031
1014
957
1022
981
1028
1043
1023
1039
969
1044
1031
1066
1020
971
991
1028
1002
1041
1022
1022
1020
1025
1021
1024
1038
1016
1007
1025
1010
1036
1063
1030
1032
1063
1018
1015
998
1045
1018
1036
999
1026
992
1001
1016
1018
1052
1025
1021
961
1004
1014
1000
1035
997
1060
1013
1017
1004
1023
1011
967
969
1008
1051
1057
1024
1040
1052
998
1008
1028
1004
1022
1034
1036
1002
1016
1002
1036
994
996
1041
994
1002
1027
1000
1030
954
1048
1046
1043
1005
1019
1040
1040
1048
971
1009
1029
1013
1037
1004
1052
1004
1029
1005
1062
974
1002
988
1009
1023
1006
1053
1039
1009
1029
1027
1033
1023
1017
1025
983
1029
1023
989
996
990
1003
1038
996
987
982
998
1037
1013
1059
1012
1014
988
999
1033
1015
997
994
1064
987
1016
999
1003
1032
1045
1010
1003
1043
1005
1043
1039
996
971
995
1004
1025
1052
1021
987
1054
1005
1015
1032
982
957
1018
964
1009
1036
995
988
1022
975
995
1024
1032
988
1020
1019
1013
1037
1035
1022
1030
1023
1054
1015
1026
1010
1069
1021
1041
1017
995
1008
1049
1019
1040
993
1038
1036
969
1018
1000
1017
960
1062
1045
991
993
1010
1023
985
1001
1005
1041
1029
1057
1023
998
1048
983
1020
1029
998
1007
1020
1025
1009
1051
1012
1071
1016
1015
973
1014
1005
1035
981
1045
1020
981
1051
1024
1069
1029
1007
1014
1017
981
1026
1002
968
1016
1054
1001
1014
999
1006
1010
1024
1008
1047
1018
1008
993
1051
994
1022
1017
994
977
1057
976
1019
1023
989
1010
1038
1020
983
984
1055
1013
1006
1021
1018
1013
1011
1035
992
1036
1026
1039
1006
1009
1047
1058
1027
974
1042
1001
1004
984
999
1033
1013
1019
998
993
1040
1051
990
1000
1026
982
1044
1021
1027
1031
1038
1035
1048
1024
1043
1062
1040
991
1034
972
1002
1038
1028
1025
1066
972
1025
947
983
1045
1025
1013
985
1041
1029
1019
1062
964
1021
1018
1033
1005
1009
1032
1049
1016
1007
1027
1039
1032
1036
975
1009
1014
1035
1017
1003
976
1018
990
1029
1049
1018
1016
1035
1009
1021
1009
1021
998
1008
991
1010
1024
1060
1042
976
1050
991
1040
994
1032
1055
1011
999
1048
963
1033
1033
1032
1011
1040
1007
1017
1052
1012
1046
1018
1023
1001
1016
1004
981
1009
1012
1022
1055
1029
1024
1067
1013
1007
1024
1018
1035
1050
1014
1015
1023
997
998
997
1017
1021
1016
988
996
1030
1023
981
1011
1029
957
1031
1015
1027
1009
986
1028
1015
1027
1022
1024
1042
1036
1022
1034
1018
1019
1029
1033
1030
1015
1010
1038
1031
992
1049
1005
1000
1031
1032
1029
996
977
1028
1064
1015
1000
1014
1018
1029
1018
1039
1011
1056
1035
1023
1005
1005
1016
1014
1009
1017
1040
968
1041
1021
1003
1022
1018
1044
1045
1004
999
1016
1029
1030
1020
985
1043
1009
1050
1020
1009
968
1035
1032
1021
1026
1030
1000
1004
985
1010
999
991
996
1028
1028
1031
1045
1002
992
1050
1027
1049
1026
1021
1018
999
1002
1013
1028
1023
1038
1053
988
1027
1029
1007
1047
1036
991
1031
1002
990
1000
987
1016
985
1011
1015
1062
993
1064
1010
1009
1016
1034
1019
1010
1052
1021
993
1021
1001
1018
1028
998
977
998
1004
1007
1056
1019
991
999
1040
1036
1000
1039
1017
1015
1020
1025
966
1029
993
1012
998
994
999
1034
998
983
1017
1003
988
1047
1022
1021
1010
1051
1033
1011
1010
1001
1026
981
1059
1043
989
1008
1038
1019
1026
1019
993
999
988
971
1014
1020
1064
1006
1009
960
981
976
983
995
982
1017
1037
1014
1014
1036
1000
1000
1017
962
965
1041
1046
996
1040
1015
1027
999
1008
1038
1007
1031
1025
992
1058
1041
985
1050
1035
1013
1041
978
990
1017
1006
1037
1022
1035
1002
1029
1036
1005
1032
1029
1016
1042
1000
1035
1005
1019
1008
991
1029
1016
1023
1035
1028
997
995
1010
1020
1023
1004
1000
1056
1003
1037
1030
1040
977
1051
1040
980
1024
1005
1003
1023
1024
1043
1047
985
1019
1053
1019
1042
1039
1017
995
998
989
1003
991
978
992
1039
1046
1031
1022
1030
1036
1000
1026
1024
1056
996
1003
1040
1055
997
1031
999
1017
1058
1020
989
1019
995
1055
1038
998
1025
1012
1003
1042
1012
989
974
1023
1034
1002
1037
994
1030
1012
1046
992
1002
1028
1042
1011
999
1018
1002
987
1001
959
1036
1017
977
1043
1033
976
1046
1032
1019
1013
1020
964
991
1071
1013
1000
1024
998
967
971
994
1030
1036
957
1005
1016
948
969
1017
1053
999
997
1014
1049
1033
1039
1005
1027
1005
1027
978
1003
1036
1042
1057
1026
1025
980
1031
999
1041
1027
1026
1062
1005
1032
1027
1013
1000
1033
1021
1005
1020
931
990
967
979
986
1034
998
1007
993
977
1000
1038
1011
1049
1014
1020
1022
1010
976
992
1032
1017
972
1010
1056
1014
1034
1008
1054
1066
1008
988
991
1050
1014
1016
1020
1036
1020
1007
1025
1053
1007
1003
995
976
1028
1019
1002
1019
1015
1023
985
1038
1036
1042
1018
993
1041
1036
975
1049
1018
994
994
999
989
1010
1029
1043
1022
1040
1019
1001
1033
982
1034
999
979
1020
1008
1029
995
1025
995
978
1011
1026
1025
987
1039
1023
1018
1028
1035
1040
1030
1012
1025
1012
1000
1009
1025
1016
1063
1041
1043
980
1016
1044
990
1010
1023
991
1046
1064
1051
1050
973
1028
996
995
1010
1042
1005
1017
1002
1030
1034
1007
1027
1012
1007
1013
994
987
1014
1052
1038
1028
1024
1034
1009
1051
988
1000
1009
992
998
1001
1028
1008
1033
1022
1052
978
1041
1001
1044
1016
1033
989
1048
1024
1004
1014
1040
1001
999
1056
1013
1006
1011
1026
1019
1018
979
1039
1040
998
992
1063
994
1010
1012
1045
1022
1024
1004
1039
999
1001
1040
1021
992
1008
1025
975
961
1041
1037
1006
988
987
987
1038
1022
983
1012
1025
1002
994
980
1040
977
974
937
1004
1016
1027
980
980
1012
1041
1005
1009
1042
998
998
1031
966
1034
1005
1056
1017
984
1009
1024
1008
1045
987
1002
1032
1032
1022
1000
987
1033
1020
1031
1036
1030
1007
1007
1027
1005
1009
1048
980
1010
1010
997
1010
1012
986
1002
972
978
1019
985
969
999
1009
1012
1039
1006
1001
1020
1048
981
1024
973
1035
996
1006
1017
1037
1043
1002
1002
980
1008
976
1020
981
1029
992
1033
1019
1017
1026
1024
1022
999
993
1017
1040
1001
1012
1009
1006
1029
1023
1046
1036
1021
1065
1017
1012
1051
1005
1021
978
1009
1026
962
975
1027
1011
1021
1022
987
1004
1015
1022
1021
975
1056
1008
987
1017
1030
1029
1024
1045
995
1025
1010
1048
1014
1005
998
966
994
1022
998
1028
1030
984
992
989
996
1026
976
1003
994
1013
1034
996
1003
1039
1046
1011
1009
977
1017
1021
1020
961
1034
984
1044
1057
1020
993
1017
1037
1002
1022
1060
996
990
1017
1015
1026
1020
1013
1004
990
996
1057
1018
1009
974
1048
1000
1040
1002
1032
1045
970
1007
1036
1021
1022
1033
1013
1007
1023
1018
1010
1019
1020
1057
968
1004
1045
1000
1051
1028
1017
976
1022
1017
1058
1021
1011
1021
1007
1072
992
1047
986
1034
1019
980
1001
1031
1069
998
989
999
1011
1022
971
1003
1019
1003
1055
1039
1023
1043
995
1012
1047
995
1021
1002
1021
1015
1001
1017
1007
997
1036
1021
996
1050
1054
1025
1010
1029
1007
982
1021
1017
1009
1003
1010
1001
1040
1006
1042
1025
998
1049
1039
1003
997
962
1022
1002
993
1038
997
991
1023
1011
989
1039
1034
1042
991
1011
1037
1010
985
994
997
1026
1018
997
1018
984
1015
1018
1031
963
1010
1033
1008
999
1012
1015
1031
1027
1021
1012
1019
1018
1009
981
1025
1024
1008
1037
1031
989
1020
1019
1029
1032
985
1035
1030
1052
997
1009
1023
1050
999
1037
1016
1019
1022
1006
1024
1027
1039
971
1053
1018
1035
1009
971
1014
1012
1023
1023
1004
1044
1019
1009
1064
1003
1032
1036
999
1030
994
1008
1040
1015
1027
1017
1034
957
1013
1010
1011
1033
1025
1021
1023
1012
1021
992
1009
1010
1054
1045
1069
997
1020
1054
1013
1046
1033
981
1016
1004
970
1011
1040
1016
1023
998
1003
980
985
1027
1030
1047
1073
1003
1029
1035
991
998
1024
1067
1021
1053
1057
975
1001
996
970
1019
1059
998
980
1039
1009
1054
1028
1013
1003
1028
997
1020
1032
1023
1051
1000
1003
955
1039
1025
1030
1032
1031
1008
983
1049
984
1043
1011
1028
1001
1011
1006
1037
1063
1078
1034
1019
953
1019
1013
1031
997
1034
1058
989
1014
1013
1022
1012
1031
1004
1026
1010
1041
1032
1036
1007
1028
993
1003
1024
1008
1021
998
1003
1013
987
1012
1050
1035
1019
1051
996
1001
1008
1006
975
1040
1020
1029
1020
1009
1014
1031
1015
1052
1038
1033
987
992
1049
1002
1026
1008
995
984
983
1033
983
1005
1000
1027
993
1035
1014
1093
1035
1009
1014
1060
997
1042
1058
1019
998
1011
1017
1032
1010
1049
1013
993
1015
1043
1037
1037
1031
1028
986
1010
1036
1021
1007
966
1010
1037
1041
1043
1034
988
995
979
1007
979
1019
1034
990
1035
980
1018
1028
1016
1025
1012
1066
1009
1023
984
989
994
1012
1056
1008
1005
1011
1047
1009
1015
1008
1013
1041
1043
1054
993
1036
1008
1020
997
1007
1027
1044
996
1074
1020
1019
979
947
1045
1015
1006
1029
1036
989
1010
1030
1029
992
992
1022
1015
1023
1046
1009
995
1053
1060
1040
1022
1017
1021
1044
1017
1042
994
1044
1020
1047
988
1014
1055
1007
1031
989
990
988
1002
1038
1049
1011
1007
989
1020
1002
1006
1050
990
993
981
1037
1052
1044
988
1019
1028
1021
997
959
1036
1038
978
1037
1021
1007
1045
1062
1042
1024
1039
1016
1038
1025
1042
964
993
1011
1003
1018
1036
1012
1036
1013
974
1012
995
1009
1034
1000
1019
1000
1026
1003
1038
979
1001
1035
1023
1011
1062
1041
1003
1009
1000
1028
1025
1029
1020
995
1035
1005
1038
1024
1041
996
984
1007
1043
1008
1009
988
980
1036
990
1021
965
997
1023
1021
1027
1013
995
1008
1014
1001
1014
1019
991
1010
1021
989
1004
998
1015
1005
1005
1019
994
1056
1027
1003
1011
1062
1002
1015
1033
999
1006
1017
1025
1010
1004
988
1013
1018
1056
1025
983
1021
997
1019
1005
1025
1029
1049
1029
976
1068
1012
995
1052
1018
961
1056
995
1058
993
1014
1010
996
1022
981
1025
1016
1005
1059
980
1039
1046
1016
985
966
1061
1019
1018
1012
1027
1021
1014
1030
968
1015
1052
1003
1020
1034
998
1013
1018
999
1013
1050
1033
1009
999
985
1034
1006
1026
1001
1051
986
992
1022
1016
1035
997
1026
1059
1015
998
981
1016
1029
1031
1019
1027
986
1002
1008
1000
1020
1009
1007
990
1017
1015
1018
1031
1008
1009
1030
1025
979
1007
1022
1006
1002
1017
1033
1014
1000
993
1026
1016
1053
1017
1004
1029
1013
984
969
1031
1013
1003
1004
1037
1005
995
1005
954
1025
1040
1013
981
1007
1058
1042
1017
996
1041
1030
986
1044
1014
1017
1023
1026
1031
1022
1000
1043
1030
1009
993
1041
1007
1010
988
1033
1027
976
1022
1028
1057
996
1008
1048
993
1014
1009
1004
1018
996
1008
1023
1053
1035
1020
1007
1024
992
1007
1034
1008
1032
1011
992
1018
1011
991
988
1031
1035
1003
1017
1006
1051
1038
1005
1010
1027
1018
1037
981
973
1001
1029
1032
1002
1013
1008
1054
1030
1002
1011
1020
1045
1025
1039
1022
1048
998
990
1009
1041
1024
1041
1003
1018
1057
983
1033
1018
1007
987
1027
1015
1031
1027
968
1013
1053
1018
1034
989
1036
1020
994
1034
1049
1030
987
1014
992
987
1051
1041
985
1003
1032
1033
1003
1000
999
954
1001
1018
1041
1002
1049
968
1011
1007
1001
955
1041
994
1028
1021
1022
1005
1007
1025
1050
1016
1045
1034
1000
1024
991
983
1042
1024
1002
1006
998
1025
1037
1043
991
1000
1062
1023
1006
1014
1022
1000
976
1042
1020
1005
1039
1039
1014
1026
1006
997
1015
1015
1027
1040
1014
1033
1052
1027
1018
1011
1056
998
1045
1012
1042
996
1030
1066
1016
1020
993
995
987
976
1022
1023
948
1021
1003
976
1013
974
1023
1008
992
1018
1018
1005
1009
1001
1023
1039
1000
987
1031
1041
1054
1001
1048
1024
1035
1004
942
1017
1021
1007
1021
1023
1024
1049
992
1015
1020
997
997
1016
1055
1024
1056
1011
1020
1029
1005
970
998
1044
1075
1008
1011
1021
1010
977
1027
990
1036
1000
994
1043
1028
1014
969
1003
998
1005
1036
1012
1022
1036
1002
1034
989
1011
1004
1008
1055
1000
1063
1027
1008
1001
1029
997
1025
1033
1020
996
1018
990
1042
1034
984
1003
1034
1010
1009
1025
1055
1003
1014
1003
1034
1005
998
1018
993
1013
1019
1032
1027
982
1039
1009
1016
1040
1032
1052
1002
1042
1018
1007
1007
997
1075
1017
1050
1020
1025
1012
1037
993
1034
1034
1030
1040
1042
999
1046
1034
1007
1020
1023
1020
1021
995
1023
980
989
1020
1034
1005
1023
1021
1044
1044
995
1011
999
1020
1043
1018
996
1026
1027
1022
1055
1030
1010
991
1010
1023
1035
995
1059
976
1015
985
1036
1039
998
1013
1010
988
1002
999
1024
1048
1002
1009
989
993
1026
998
1008
1021
1015
1013
1002
1021
1042
1004
1039
1010
1052
1026
1053
995
973
1002
1043
1013
1030
1059
989
1035
1000
1001
1059
1012
986
1049
1024
1073
1020
1063
1008
1049
1027
1026
1014
1029
971
1014
1034
1024
995
981
1023
991
969
1038
1029
1006
1010
1039
1025
1057
1057
985
1025
999
998
985
1064
997
1019
1020
1033
1024
1019
994
998
1043
1045
1059
1003
997
1019
990
984
1001
1003
991
1057
997
1002
1034
1056
1051
1010
1027
1043
997
1063
999
990
1023
1013
1025
1008
1036
1000
1016
1009
971
972
1060
1033
1009
1028
1024
1020
970
993
1029
973
1013
1004
986
1017
1001
1028
1008
996
1009
1055
1027
1015
1013
1009
998
1058
1013
1051
1027
977
1014
1034
1016
1035
1011
1019
1021
992
999
1005
996
1029
1007
996
1025
1031
988
1041
1006
1009
1035
1020
1010
1012
1014
1009
1032
1000
1045
986
994
1032
1020
1045
1028
1034
1014
1055
1014
1019
981
987
1019
998
1013
1050
1020
1050
1037
1007
1022
1012
1014
1019
1006
1025
1008
1019
1040
1029
1026
1040
1052
1085
1005
1008
977
1022
1014
1079
1022
1038
1001
1037
1047
994
984
1010
1032
1047
1018
994
1003
1045
997
995
1024
1030
1014
1017
1030
1014
1027
1037
1039
1010
1031
1013
1036
1010
1003
993
999
1024
970
1006
1042
1030
1003
1020
1007
1068
1028
983
1013
962
1018
973
1025
1032
1044
1038
965
1038
1029
1041
1038
1035
1012
1010
1004
1002
1013
1019
1051
1024
1075
1060
1006
1008
992
1038
980
1029
998
1000
1016
1046
982
984
1005
1068
996
1015
1020
1060
1024
989
1003
998
993
1021
1007
1040
1049
1000
1058
1002
976
1071
1004
1045
1024
1020
1009
1034
996
1069
1009
1021
1032
1049
990
1039
1044
982
1043
998
1043
1025
996
1026
1023
1025
1025
1022
1003
1048
1019
1000
1015
984
1014
993
1020
1036
1024
1043
1006
998
963
996
1027
986
1018
1017
1017
1017
1059
1005
1027
1008
1033
1036
1027
974
981
1031
1014
1030
1027
1045
1016
1018
1004
1018
994
1034
1035
1025
1045
989
1044
1011
1016
1033
984
1029
999
994
1017
1044
998
1023
1046
1056
1001
1028
1026
1016
1002
1012
1058
1013
1031
1024
1032
1035
1006
987
1000
980
1013
1018
1030
1009
1054
1018
1014
1018
1012
1036
1038
997
1037
1035
1021
1026
1023
1007
997
1045
1035
1007
981
1030
968
1002
1029
982
1043
1000
1031
995
998
986
1004
1018
1049
1020
1036
1034
977
1069
1023
1039
976
1019
1009
1056
996
1003
1011
1014
1015
1048
1037
1010
1003
1016
988
1037
1038
988
1032
988
1025
1028
1005
1020
978
1019
994
1022
1047
997
1027
979
1032
1032
993
994
992
1058
1024
1038
1022
1001
1020
1016
1045
987
1027
1016
1019
1018
1033
984
1041
986
1042
1020
1016
1046
1017
1003
998
1003
1024
1028
1022
1035
980
1077
1002
1028
1052
976
1024
1014
1027
1020
1016
1019
1002
999
1024
1028
1014
1000
1037
1053
1049
1025
1016
1025
1034
1022
1010
1020
1043
994
1058
1017
1029
1028
1018
981
1015
1022
984
1021
1025
959
1031
1018
1053
977
1028
1023
1060
1026
1027
1032
1038
1008
998
1066
1009
1033
1014
1056
991
1009
1042
1058
989
992
988
1013
1050
1011
990
985
1026
1011
1025
993
1004
1022
1035
1045
1018
1023
1044
1010
1040
1016
1011
1006
1004
955
1029
992
999
1015
1021
1043
1005
988
1013
1020
1050
1035
1024
1050
1020
1032
1014
1014
1017
966
1015
1037
1020
979
1003
1029
1025
990
1063
962
1018
1040
1027
1038
975
1044
1019
1015
1027
1066
993
1014
1002
970
1000
970
1072
1016
1021
990
998
1018
995
975
1034
1033
1010
1026
999
1004
1026
1024
984
1015
1009
991
1000
978
1013
1024
992
1036
997
1026
1009
1053
969
1044
1060
980
943
995
1045
984
1023
1008
1053
967
1032
968
1032
1028
1034
1038
993
1042
952
1033
1015
982
1012
982
1020
1015
1027
995
1027
1054
999
1051
1004
999
1045
1050
1016
1016
1024
1044
1018
994
991
1004
1024
1042
1036
1031
1019
1002
1008
1036
1020
1032
996
1055
964
1024
970
1044
1025
1008
996
1030
1029
1043
1008
1016
1004
1018
1006
995
1033
1034
1031
962
1018
1008
1018
1027
1044
1007
1033
1014
981
996
1044
1046
1022
1001
999
1059
999
1048
1002
984
1023
1054
1022
1042
1016
979
1027
1020
989
1036
1020
1054
1007
1015
1020
1035
1014
1050
998
1033
997
1001
1034
1012
1008
1030
1046
1059
1026
1018
1009
998
1031
1017
1003
1032
970
1048
991
982
1009
1034
1018
996
988
1025
1011
1011
982
1008
1002
1038
1025
1023
1033
1004
1000
1004
994
1019
1011
1014
1035
1010
1037
963
1007
998
983
997
1031
999
991
1006
1024
997
1012
1013
997
999
1021
1034
1027
964
1017
1033
1019
1025
1031
1013
1055
996
1031
1003
1008
1027
1009
1037
1041
1045
968
1018
1023
1035
989
1037
1017
1004
1007
1052
1024
1025
1041
1041
1046
1003
997
1006
996
1002
1023
1017
1032
1011
1020
1015
1022
990
1041
994
1015
1038
1001
969
1032
1028
1053
1002
1041
1009
1001
1010
986
997
980
1004
1005
977
983
1023
1014
1024
970
1005
1027
1007
990
1031
962
1016
1014
986
1041
948
995
1038
979
1062
993
1005
1009
1045
1030
998
1027
1020
999
988
1000
1040
1031
1017
1009
992
1033
1012
1043
1021
1053
1022
1014
1016
1045
950
1021
1039
998
1042
1019
1021
1040
1025
1015
993
1026
957
1027
1028
1029
1017
1044
994
1038
998
1009
1044
1011
978
986
981
1045
1005
973
983
1011
1044
1024
1016
1025
1022
1066
1007
999
987
1031
1040
1011
988
1037
1027
1008
1015
1006
999
996
1038
1013
998
1042
1038
1010
1008
998
997
1011
1006
1009
1038
1028
1018
1036
1019
1020
1011
1040
1004
1023
1009
989
1004
1058
1003
1028
1025
1046
993
1017
1031
1019
1003
1033
1039
1026
982
991
1020
1034
