105
118
127
88
185
68
28
64
93
58
55
145
125
90
38
75
149
146
113
129
95
80
61
83
87
103
140
115
153
109
93
127
178
109
113
108
55
68
72
78
53
95
124
169
74
77
135
115
88
81
98
60
86
73
62
94
79
111
133
127
62
133
134
121
90
77
53
48
58
93
93
130
154
141
85
79
89
138
158
154
90
96
59
60
118
126
133
120
118
91
35
89
127
133
87
141
93
83
59
110
72
170
124
138
86
37
43
90
103
144
180
112
85
54
92
118
127
135
120
89
19
38
68
118
166
122
89
91
91
79
80
113
152
89
119
13
47
46
69
84
112
116
94
93
75
86
83
67
135
72
19
43
61
26
54
99
66
72
67
52
49
68
126
72
101
55
51
45
25
45
67
78
71
53
70
63
99
76
89
67
23
52
55
33
22
90
56
33
66
69
80
65
119
149
111
125
89
47
50
56
61
24
63
60
86
91
157
173
113
81
105
123
93
63
61
38
71
48
66
90
101
96
93
118
113