19
17
20
14
19
16
14
15
13
14
13
15
16
17
22
13
14
12
17
21
16
15
16
15
18
19
19
20
14
15
17
19
18
18
21
15
13
12
13
15
15
15
21
15
16
16
15
15
17
18
18
15
15
16
15
15
21
15
15
13
16
20
19
20
18
20
20
16
16
12
17
17
20
18
17
17
13
12
16
18
18
15
15
17
22
19
13
17
14
12
20
17
19
20
18
18
20
16
18
18
17
18
22
16
15
14
17
17
16
17
17
17
18
17
17
21
17
17
14
13
20
20
27
19
18
18
17
19
21
18
17
15
15
15
11
15
16
15
18
19
19
16
17
18
16
14
19
19
18
13
16
17
20
21
20
16
19
16
17
15
18
19
19
15
18
15
17
17
14
16
15
18
22
13
19
16
15
16
15
15
25
21
19
14
15
20
16
18
21
18
18
16
18
17
20
15
16
17
17
13
16
16
20
18
21
18
17
15
18
14
19
21
17
21
16
13
16
15
17
21
18
15
19
19
16
18
14
13
15
14
16
18
16
18
20
17
22
18
18
15
21
20
19
20
18
18
14
19
19
17
18
17
18
15
18
19
16
17
15
19
17
10
13
12
14
19
20
19
15
20
15
21
19
23
19
15
16
16
15
21
20
17
18
16
14
15
15
16
18
21
20
17
15
17
16
15
18
18
23
21
19
16
18
18
27
17
13
17
17
14
16
15
16
15
17
15
21
21
18
20
21
19
14
18
18
16
15
19
20
24
14
21
20
20
18
16
17
13
12
19
16
21
20
20
16
19
18
18
17
16
18
15
17
18
14
18
18
17
24
25
17
21
18
22
17
18
16
14
12
15
17
16
15
17
19
16
20
19
19
16
17
16
22
19
20
16
15
17
21
24
18
18
21
18
15
15
18
11
16
14
15
15
20
18
18
24
17
18
14
14
13
19
18
17
14
18
16
19
23
23
17
17
13
16
16
10
13
15
13
15
18
17
17
18
20
16
21
14
17
17
14
15
18
14
15
15
17
21
21
20
20
15
12
14
18
19
13
18
13
18
19
24
20
17
19
20
17
18
19
15
17
19
20
13
12
16
16
22
23
19
18
17
10
13
14
10
12
15
17
18
20
21
22
21
21
21
22
23
25
24
18
21
12
13
8
13
16
20
21
21
14
12
14
4
11
14
13
12
19
17
20
21
26
19
19
19
17
19
20
21
22
20
21
14
10
12
14
18
15
18
16
19
16
14
13
11
12
13
15
19
20
22
23
19
21
18
17
16
21
23
23
19
18
14
12
13
18
15
18
14
11
16
14
17
16
15
21
17
18
19
17
16
18
19
19
14
16
16
18
20
19
22
22
18
19
18
16
18
12
14
17
15
15
18
14
15
19
20
19
17
21
23
22
24
19
17
19
14
14
21
18
16
21
22
19
18
22
15
17
13
19
17
14
13
13
15
19
19
23
14
17
17
18
21
17
18
19
20
16
24
18
22
20
21
19
19
18
18
14
19
20
18
17
14
12
14
17
18
18
16
20
15
19
18
17
15
15
16
21
23
18
18
17
18
18
21
17
20
21
15
15
17
13
14
15
18
18
15
17
18
15
20
17
16
16
14
13
16
15
20
21
21
17
21
20
18
24
18
17
20
18
15
15
15
18
15
17
11
16
15
17
21
23
20
17
20
19
19
19
20
21
21
20
17
17
21
19
21
16
20
22
18
18
20
14
22
16
14
12
16
14
14
15
17
18
14
17
17
15
22
23
22
23
22
20
16
21
21
23
17
20
16
21
17
17
17
18
18
21
16
15
18
13
12
14
17
18
16
19
20
18
23
23
24
22
19
15
14
17
16
21
16
18
20
19
16
18
16
20
18
17
14
14
16
9
16
12
20
20
22
18
22
25
23
22
26
19
19
16
17
22
21
18
19
14
17
15
14
19
16
16
16
15
15
14
15
16
14
16
17
16
18
17
17
19
18
21
19
13
10
23
23
26
19
17
14
17
18
17
19
18
15
20
15
17
10
13
16
21
18
20
18
20
19
16
16
20
16
15
12
