[[105
 118
 127
  88
 185
  68
  28
  64
  93
  58
  69
  90
 114
  96

  148
  68
  94
  53
  72
  55
  63
  57
  40
  86
  83
 106
  93
 109

  152
 122
]
 [ 75
 149
 146
 113
 129
  95
  80
  61
  83
  87
 114
 100
 111
 143

  115
 130
  66
  83
  46
  66
  96
  86
  60
  85
 117
 113
 122
 137

  141
 162
]
 [ 93
 127
 178
 109
 113
 108
  55
  68
  72
  78
  62
 103
  67
  81

   79
 120
 108
  89
  64
  60
  68
  51
  89
  59
  80
  92
 149
  92

  191
 158
]
 [ 77
 135
 115
  88
  81
  98
  60
  86
  73
  62
  96
 161
  89
  76

  104
 101
  73
  98
 141
  78
  48
  76
  74
  71
  98
  96
 127
 122

  123
 137
]
 [ 62
 133
 134
 121
  90
  77
  53
  48
  58
  93
 149
 107
  66
 110

  151
  99
  93
 140
 122
  74
  74
 113
 107
 105
  70
 133
 129
 121

  103
 123
]
 [ 79
  89
 138
 158
 154
  90
  96
  59
  60
 118
 114
 122
 114
 153

  151
 108
 104
 154
 155
  89
  97
 168
  91
  59
 117
 164
 135
 111

  125
 153
]
 [ 35
  89
 127
 133
  87
 141
  93
  83
  59
 110
  85
 114
 119
 130

  120
  81
 105
 153
 150
  92
 140
  94
  71
  92
 150
 100
 105
 108

  152
 136
]
 [ 37
  43
  90
 103
 144
 180
 112
  85
  54
  92
  96
 108
 102
 126

  119
  95
  82
 120
 134
 129
 112
 100
 108
  92
 149
 156
 132
 118

  129
  86
]
 [ 19
  38
  68
 118
 166
 122
  89
  91
  91
  79
  79
  84
  89
 100

  129
 111
  90
 124
 123
 112
  85
 111
  73
 106
 128
 105
  94
 104

  114
 169
]
 [ 13
  47
  46
  69
  84
 112
 116
  94
  93
  75
  76
 109
 107
  90

  110
 103
 117
 132
 107
  63
  76
 106
  58
  53
  87
 105
  91
  83

  140
  61
]
 [ 19
  43
  61
  26
  54
  99
  66
  72
  67
  59
  71
  64
  54
  88

  113
  81
  94
  99
  91
  64
  84
  69
  81
  61
  65
  91
  74
  86

   71
  84
]
 [ 51
  94
  64
  36
  69
 116
  84
  91
  60
  72
  60
  76
  83
  86

   93
  96
  94
  92
  92
  83
  95
 112
  50
  32
  54
  69
  96
  77

  107
  88
]
 [ 68
  58
  38
  74
  80
 106
 123
  64
  71
  72
  82
  65
  99
  65

  107
 129
 116
  99
  91
 130
  82
  68
  50
  63
  74
  52
  91
 128

   99
  39
]
 [118
 114
  82
 112
  99
 112
 110
  43
  90
  75
  85
 128
 137
  86

   96
  85
  68
  98
 115
  58
  63
  63
  79
  66
  54
  76
 105
 120

   81
 110
]
 [ 87
  59
 106
  91
 108
  86
 124
  99
  80
 107
 103
 103
  63
  75

   94
  83
  73
  59
  77
  71
  67
  75
  68
  71
  50
  87
  97
 141

  139
  89
]
 [ 61
  84
 103
 108
 101
  79
 143
 111
  88
  91
  71
  91
  96
  84

   88
 102
  58
  66
  69
  63
  64
  95
  48
  31
  70
  50
  99
 124

  100
  90
]
 [ 72
 111
 119
 110
  57
  92
 131
 113
  71
 121
  57
  96
 127
 124

   98
  69
  80
 113
  78
  64
  80
  59
  59
  51
  35
  59
  79
 109

  115
 108
]
 [ 54
 117
  88
  65
 104
  95
  79
  60
 100
  79
  59
  90
 137
 106

   87
  97
 100
  59
  48
  52
  57
  71
  56
  35
  50
  49
  50
  75

  166
 147
]
 [ 57
  81
  51
  73
  65
  66
  74
  87
  93
 104
 100
  82
 160
  83

  117
 128
  93
  72
  92
 122
 124
  76
  67
  36
  63
  51
  50
  96

  138
  64
]
 [ 74
  74
  97
  74
  56
  65
  77
  90
  99
 118
  95
 114
  79
  84

  140
 154
 101
 104
 156
 146
  91
  73
  76
  64
  65
 102
  59
  88

   96
 123
]
 [ 64
 103
 117
  94
 103
  77
  83
  94
 150
  83
 131
  90
 112
  96

  138
 143
  93
 116
 135
 122
  86
  98
  93
  88
  72
  59
  58
  73

  131
 113
]
 [147
 123
 100
  99
 100
  58
  72
 106
  80
 106
 102
 124
 112
  91

  115
  92
 104
  94
 124
 147
 125
  93
 115
 107
  62
  70
  58
  69

  118
 100
]
 [142
  96
 124
 109
  75
  83
  74
 112
 131
 126
 120
 108
 138
  87

  103
 104
  84
  91
 115
 113
  98
 117
 122
  76
  58
  83
  83
  72

   62
  71
]
 [ 77
 126
 127
 119
 109
  94
  81
 112
  91
  82
 131
 105
  84
  59

   73
  75
  73
  80
  88
  81
  98
 120
 115
  74
  90
  79
 121
  91

   71
  70
]
 [ 90
 148
 181
 120
  84
  98
 102
  75
  97
  93
 101
 149
 122
  82

   84
 103
  69
  56
  71
  73
 114
 164
 100
 132
 101
  96
  67
  63

   71
  53
]
 [132
 154
 139
 106
 121
 111
 101
 113
 100
  72
 122
 128
 114
  89

  118
  57
  61
  44
  64
  86
 141
 106
  94
  91
 122
  95
  91
  89

   56
  53
]
 [ 97
 112
 152
 108
  84
 127
 129
  77
  91
 117
 140
 110
  84
 106

  117
 135
  82
  57
  88
  92
  99
 112
 129
  78
 113
  76
 174
  83

   76
  63
]
 [119
 107
 115
 114
 100
 118
  79
  94
  94
  90
  86
 112
  84
  99

  132
 134
  72
  93
 121
  73
  93
 160
 123
 112
 147
 131
  72
 105

  116
 108
]
 [ 65
  99
 165
 144
 101
 107
 133
 145
 108
 119
  67
 107
  97
 115

   99
  99
 113
  91
 110
  88
 102
 116
  94
 152
 135
 109
  83
 159

  142
 160
]
 [ 97
 130
 119
  64
  75
 116
 110
  66
 109
  89
  88
  66
  71
  55

   85
  89
  70
  69
  87
  82
  75
  94
  86
  94
  70
  67
  95
 151

  156
  61
]]