ofmpa psum[0][0]
[[ 0  0  0  0  0]
 [ 0  9  2  5  0]
 [ 0  0  4  2 20]
 [ 0  0  0  0 42]
 [ 0  0  3 18  0]]
ofmpa psum[0][1]
[[ 0  0  0  0  0]
 [ 3  6  1 35  0]
 [ 4  0  8 10  4]
 [ 4  0  0  0 21]
 [ 2  0  2 18  0]]
ofmpa psum[0][2]
[[ 0  0  0  0  0]
 [ 2  3  7 40  0]
 [ 4  0 40  2  0]
 [ 8  0  0  0  7]
 [ 3  0  2  9  0]]
ofmpa psum[0][3]
[[ 0  0  0  0  0]
 [ 1 21  8  0  0]
 [ 8  0  8  0  0]
 [ 4  0  0  0 35]
 [ 2  0  1  0  0]]
ofmpa psum[0][4]
[[ 0  0  0  0  0]
 [ 7 24  0 30  0]
 [40  0  0  0  2]
 [24  0  0  0 56]
 [ 2  0  0  0  0]]
ofmpa psum[0][5]
[[ 0  0  0  0  0]
 [ 8  0  6  0  0]
 [ 8  0  0  1  2]
 [12  0  0  0 21]
 [ 1  0  0  9  0]]
ofmpa psum[0][6]
[[ 0  0  0  0  0]
 [ 0 18  0  0  0]
 [ 0  0  4  1  0]
 [ 4  0  0  0  0]
 [ 0  0  1  0  0]]
ofmpa psum[0][7]
[[ 0  0  0  0  0]
 [ 6  0  0  0  0]
 [ 0  0  4  0  2]
 [20  0  0  0 14]
 [ 0  0  0 18  0]]
ofmpa psum[0][8]
[[ 0  0  0  0  0]
 [ 0  0  0 15  0]
 [ 4  0  0  1  8]
 [32  0  0  0 21]
 [ 1  0  2  9  0]]
ofmpa psum[0][9]
[[ 0  0  0  0  0]
 [ 0  0  3 10  0]
 [ 4  0  4  4  6]
 [12  0  0  0 14]
 [ 0  0  1  0  0]]
ofmpa psum[0][10]
[[ 0  0  0  0  0]
 [ 0  9  2  5  0]
 [ 0  0 16  3  0]
 [ 0  0  0  0 14]
 [ 2  0  0 18  0]]
ofmpa psum[0][11]
[[ 0  0  0  0  0]
 [ 3  6  1 35  0]
 [ 4  0 12  0  2]
 [ 8  0  0  0  7]
 [ 1  0  2  9  0]]
ofmpa psum[0][12]
[[ 0  0  0  0  0]
 [ 2  3  7 40  0]
 [16  0  0  1 14]
 [12  0  0  0  0]
 [ 0  0  1 18  0]]
ofmpa psum[0][13]
[[ 0  0  0  0  0]
 [ 1 21  8  0  0]
 [12  0  4  7  8]
 [ 8  0  0  0 14]
 [ 2  0  2  9  0]]
ofmpa psum[0][14]
[[ 0  0  0  0  0]
 [ 7 24  0 30  0]
 [ 0  0 28  4  6]
 [ 8  0  0  0 21]
 [ 1  0  1 18  0]]
ofmpa psum[0][15]
[[ 0  0  0  0  0]
 [ 8  0  6  0  0]
 [ 4  0 16  3  0]
 [ 4  0  0  0 14]
 [ 2  0  2  9  0]]
ofmpa psum[0][16]
[[ 0  0  0  0  0]
 [ 0 18  0  0  0]
 [28  0 12  0  2]
 [ 0  0  0  0 14]
 [ 1  0  1 18  0]]
ofmpa psum[0][17]
[[ 0  0  0  0  0]
 [ 6  0  0  0  0]
 [16  0  0  1  2]
 [ 8  0  0  0  7]
 [ 2  0  2  9  0]]
ofmpa psum[0][18]
[[ 0  0  0  0  0]
 [ 0  0  0 15  0]
 [12  0  4  1  8]
 [12  0  0  0  0]
 [ 1  0  1 18  0]]
ofmpa psum[0][19]
[[ 0  0  0  0  0]
 [ 0  0  3 10  0]
 [ 0  0  4  4  6]
 [ 8  0  0  0  7]
 [ 2  0  2  9  0]]
ofmpa psum[0][20]
[[ 0  0  0  0  0]
 [ 0  9  2  5  0]
 [ 4  0 16  3  0]
 [ 8  0  0  0 14]
 [ 1  0  1  0  0]]
ofmpa psum[0][21]
[[ 0  0  0  0  0]
 [ 3  6  1  0  0]
 [ 4  0 12  0  0]
 [ 4  0  0  0  7]
 [ 2  0  0 18  0]]
ofmpa psum[0][22]
[[ 0  0  0  0  0]
 [ 2  3  0  5  0]
 [16  0  0  0  2]
 [ 0  0  0  0  0]
 [ 1  0  2  9  0]]
ofmpa psum[0][23]
[[ 0  0  0  0  0]
 [ 1  0  1 20  0]
 [12  0  0  1 14]
 [ 4  0  0  0 14]
 [ 0  0  1 18  0]]
ofmpa psum[0][24]
[[ 0  0  0  0  0]
 [ 0  3  4 15  0]
 [ 0  0  4  7  8]
 [ 8  0  0  0 21]
 [ 2  0  2  9  0]]
ofmpa psum[0][25]
[[ 0  0  0  0  0]
 [ 1 12  3  0  0]
 [ 0  0 28  4  6]
 [ 4  0  0  0 28]
 [ 1  0  1 18  0]]
ofmpa psum[0][26]
[[ 0  0  0  0  0]
 [ 4  9  0 20  0]
 [ 4  0 16  3 10]
 [ 0  0  0  0 14]
 [ 2  0  2  9  0]]
ofmpa psum[0][27]
[[ 0  0  0  0  0]
 [ 3  0  4 10  0]
 [28  0 12  5  2]
 [ 8  0  0  0 35]
 [ 1  0  1  0  0]]
ofmpa psum[0][28]
[[ 0  0  0  0  0]
 [ 0 12  2 15  0]
 [16  0 20  1 14]
 [12  0  0  0 49]
 [ 2  0  0  9  0]]
ofmpa psum[0][29]
[[ 0  0  0  0  0]
 [ 4  6  3  5  0]
 [12  0  4  7  0]
 [16  0  0  0  0]
 [ 1  0  1 63  0]]
ofmpa psum[1][0]
[[ 0  6  6  1  0]
 [ 0  3  1 10  0]
 [ 0  0  8  1 12]
 [ 0  0  0  0 14]
 [ 0  0  4  9  0]]
ofmpa psum[1][1]
[[ 6  4  3  7  0]
 [ 1  3  2 50  0]
 [ 4  0  4  6  6]
 [ 8  0  0  0  7]
 [ 1  0  1 36  0]]
ofmpa psum[1][2]
[[ 4  2 21  8  0]
 [ 1  6 10 10  0]
 [ 8  0 24  3  2]
 [12  0  0  0  0]
 [ 4  0  4 27  0]]
ofmpa psum[1][3]
[[ 2 14 24  0  0]
 [ 2 30  2  0  0]
 [ 4  0 12  1 10]
 [ 8  0  0  0  0]
 [ 1  0  3  0  0]]
ofmpa psum[1][4]
[[14 16  0  6  0]
 [10  6  0  0  0]
 [24  0  4  5 16]
 [ 8  0  0  0  7]
 [ 4  0  0  9  0]]
ofmpa psum[1][5]
[[16  0 18  0  0]
 [ 2  0  0  5  0]
 [12  0 20  8  6]
 [ 4  0  0  0  0]
 [ 3  0  1  0  0]]
ofmpa psum[1][6]
[[ 0 12  0  0  0]
 [ 0  0  1  5  0]
 [ 4  0 32  3  0]
 [ 0  0  0  0 14]
 [ 0  0  0  9  0]]
ofmpa psum[1][7]
[[12  0  0  0  0]
 [ 0  3  1  0  0]
 [20  0 12  0  4]
 [ 0  0  0  0  7]
 [ 1  0  1  0  0]]
ofmpa psum[1][8]
[[ 0  0  0  3  0]
 [ 1  3  0  5  0]
 [32  0  0  2  6]
 [ 4  0  0  0  0]
 [ 0  0  0 27  0]]
ofmpa psum[1][9]
[[ 0  0  9  2  0]
 [ 1  0  1 20  0]
 [12  0  8  3  4]
 [ 0  0  0  0 14]
 [ 1  0  3  9  0]]
ofmpa psum[1][10]
[[ 0  6  6  1  0]
 [ 0  3  4 15  0]
 [ 0  0 12  2  4]
 [ 8  0  0  0  7]
 [ 0  0  1 45  0]]
ofmpa psum[1][11]
[[ 6  4  3  7  0]
 [ 1 12  3  0  0]
 [ 8  0  8  2  2]
 [ 4  0  0  0 14]
 [ 3  0  5 18  0]]
ofmpa psum[1][12]
[[ 4  2 21  8  0]
 [ 4  9  0  5  0]
 [12  0  8  1  0]
 [ 0  0  0  0  7]
 [ 1  0  2 27  0]]
ofmpa psum[1][13]
[[ 2 14 24  0  0]
 [ 3  0  1 35  0]
 [ 8  0  4  0  4]
 [ 8  0  0  0 14]
 [ 5  0  3 18  0]]
ofmpa psum[1][14]
[[14 16  0  6  0]
 [ 0  3  7 20  0]
 [ 8  0  0  2  6]
 [ 4  0  0  0  7]
 [ 2  0  2 18  0]]
ofmpa psum[1][15]
[[16  0 18  0  0]
 [ 1 21  4 15  0]
 [ 4  0  8  3  4]
 [ 8  0  0  0 14]
 [ 3  0  2  9  0]]
ofmpa psum[1][16]
[[ 0 12  0  0  0]
 [ 7 12  3  0  0]
 [ 0  0 12  2  4]
 [ 4  0  0  0  7]
 [ 2  0  1  0  0]]
ofmpa psum[1][17]
[[12  0  0  0  0]
 [ 4  9  0  5  0]
 [ 8  0  8  2  2]
 [ 8  0  0  0 14]
 [ 2  0  0  9  0]]
ofmpa psum[1][18]
[[ 0  0  0  3  0]
 [ 3  0  1  5  0]
 [12  0  8  1  0]
 [ 4  0  0  0  7]
 [ 1  0  1  0  0]]
ofmpa psum[1][19]
[[ 0  0  9  2  0]
 [ 0  3  1 20  0]
 [ 8  0  4  0  2]
 [ 8  0  0  0  0]
 [ 0  0  0  9  0]]
ofmpa psum[1][20]
[[ 0  6  6  1  0]
 [ 1  3  4 15  0]
 [ 8  0  0  1  4]
 [ 4  0  0  0 14]
 [ 1  0  1 27  0]]
ofmpa psum[1][21]
[[ 6  4  3  0  0]
 [ 1 12  3  0  0]
 [ 4  0  4  2  2]
 [ 8  0  0  0  7]
 [ 0  0  3 27  0]]
ofmpa psum[1][22]
[[ 4  2  0  1  0]
 [ 4  9  0  0  0]
 [ 0  0  8  1  0]
 [ 4  0  0  0 14]
 [ 1  0  3  9  0]]
ofmpa psum[1][23]
[[ 2  0  3  4  0]
 [ 3  0  0  5  0]
 [ 4  0  4  0  4]
 [ 0  0  0  0  7]
 [ 3  0  1 45  0]]
ofmpa psum[1][24]
[[ 0  2 12  3  0]
 [ 0  0  1 35  0]
 [ 8  0  0  2  6]
 [ 8  0  0  0 14]
 [ 3  0  5 18  0]]
ofmpa psum[1][25]
[[ 2  8  9  0  0]
 [ 0  3  7 20  0]
 [ 4  0  8  3  8]
 [ 4  0  0  0  7]
 [ 1  0  2 27  0]]
ofmpa psum[1][26]
[[ 8  6  0  4  0]
 [ 1 21  4 15  0]
 [ 0  0 12  4  4]
 [ 8  0  0  0  0]
 [ 5  0  3 27  0]]
ofmpa psum[1][27]
[[ 6  0 12  2  0]
 [ 7 12  3 25  0]
 [ 8  0 16  2 10]
 [ 4  0  0  0  7]
 [ 2  0  3 18  0]]
ofmpa psum[1][28]
[[ 0  8  6  3  0]
 [ 4  9  5  5  0]
 [12  0  8  5 14]
 [ 8  0  0  0 49]
 [ 3  0  2  0  0]]
ofmpa psum[1][29]
[[ 8  4  9  1  0]
 [ 3 15  1 35  0]
 [16  0 20  7  0]
 [ 4  0  0  0  0]
 [ 3  0  0 36  0]]
ofmpa psum[2][0]
[[ 0  2  3  2  0]
 [ 0  3  2  5  0]
 [ 0  0 12  2  4]
 [ 0  0  0  0 28]
 [ 0  0  3 27  0]]
ofmpa psum[2][1]
[[ 2  2  6 10  0]
 [ 1  6  1 30  0]
 [ 8  0  8  2  2]
 [ 4  0  0  0 21]
 [ 3  0  3 18  0]]
ofmpa psum[2][2]
[[ 2  4 30  2  0]
 [ 2  3  6 15  0]
 [12  0  8  1  0]
 [16  0  0  0  0]
 [ 3  0  2 72  0]]
ofmpa psum[2][3]
[[ 4 20  6  0  0]
 [ 1 18  3  5  0]
 [ 8  0  4  0  0]
 [ 4  0  0  0  7]
 [ 3  0  8 18  0]]
ofmpa psum[2][4]
[[20  4  0  0  0]
 [ 6  9  1 25  0]
 [ 8  0  0  0  2]
 [16  0  0  0  0]
 [ 2  0  2 18  0]]
ofmpa psum[2][5]
[[ 4  0  0  1  0]
 [ 3  3  5 40  0]
 [ 4  0  0  1  0]
 [12  0  0  0  7]
 [ 8  0  2 18  0]]
ofmpa psum[2][6]
[[ 0  0  3  1  0]
 [ 1 15  8 15  0]
 [ 0  0  4  0  4]
 [ 0  0  0  0  0]
 [ 2  0  2  0  0]]
ofmpa psum[2][7]
[[ 0  2  3  0  0]
 [ 5 24  3  0  0]
 [ 0  0  0  2  2]
 [ 4  0  0  0 21]
 [ 2  0  0  0  0]]
ofmpa psum[2][8]
[[ 2  2  0  1  0]
 [ 8  9  0 10  0]
 [ 4  0  8  1  0]
 [ 0  0  0  0  7]
 [ 2  0  0 18  0]]
ofmpa psum[2][9]
[[ 2  0  3  4  0]
 [ 3  0  2 15  0]
 [ 0  0  4  0  4]
 [ 4  0  0  0 35]
 [ 0  0  2  0  0]]
ofmpa psum[2][10]
[[ 0  2 12  3  0]
 [ 0  6  3 10  0]
 [ 8  0  0  2  2]
 [ 0  0  0  0 14]
 [ 0  0  0  0  0]]
ofmpa psum[2][11]
[[ 2  8  9  0  0]
 [ 2  9  2 10  0]
 [ 4  0  8  1  4]
 [12  0  0  0 21]
 [ 2  0  0  9  0]]
ofmpa psum[2][12]
[[ 8  6  0  1  0]
 [ 3  6  2  5  0]
 [ 0  0  4  2  2]
 [ 4  0  0  0 14]
 [ 0  0  1  9  0]]
ofmpa psum[2][13]
[[ 6  0  3  7  0]
 [ 2  6  1  0  0]
 [ 8  0  8  1  4]
 [20  0  0  0 14]
 [ 0  0  1  0  0]]
ofmpa psum[2][14]
[[ 0  2 21  4  0]
 [ 2  3  0 10  0]
 [ 4  0  4  2  2]
 [ 8  0  0  0  7]
 [ 1  0  0  9  0]]
ofmpa psum[2][15]
[[ 2 14 12  3  0]
 [ 1  0  2 15  0]
 [ 8  0  8  1  4]
 [12  0  0  0  0]
 [ 1  0  1 36  0]]
ofmpa psum[2][16]
[[14  8  9  0  0]
 [ 0  6  3 10  0]
 [ 4  0  4  2  2]
 [ 8  0  0  0  7]
 [ 0  0  4 27  0]]
ofmpa psum[2][17]
[[ 8  6  0  1  0]
 [ 2  9  2 10  0]
 [ 8  0  8  1  4]
 [ 8  0  0  0  0]
 [ 1  0  3 18  0]]
ofmpa psum[2][18]
[[6 0 3 1 0]
 [3 6 2 5 0]
 [4 0 4 2 2]
 [4 0 0 0 7]
 [4 0 2 9 0]]
ofmpa psum[2][19]
[[ 0  2  3  4  0]
 [ 2  6  1  0  0]
 [ 8  0  8  1  0]
 [ 0  0  0  0 21]
 [ 3  0  1  0  0]]
ofmpa psum[2][20]
[[ 2  2 12  3  0]
 [ 2  3  0  5  0]
 [ 4  0  4  0  4]
 [ 4  0  0  0 21]
 [ 2  0  0  0  0]]
ofmpa psum[2][21]
[[ 2  8  9  0  0]
 [ 1  0  1 10  0]
 [ 8  0  0  2  2]
 [ 0  0  0  0  7]
 [ 1  0  0  0  0]]
ofmpa psum[2][22]
[[ 8  6  0  0  0]
 [ 0  3  2  5  0]
 [ 4  0  8  1  4]
 [ 4  0  0  0 35]
 [ 0  0  0  9  0]]
ofmpa psum[2][23]
[[ 6  0  0  1  0]
 [ 1  6  1  0  0]
 [ 0  0  4  2  2]
 [12  0  0  0 14]
 [ 0  0  1  9  0]]
ofmpa psum[2][24]
[[ 0  0  3  7  0]
 [ 2  3  0 10  0]
 [ 8  0  8  1  4]
 [12  0  0  0 21]
 [ 0  0  1  0  0]]
ofmpa psum[2][25]
[[ 0  2 21  4  0]
 [ 1  0  2 15  0]
 [ 4  0  4  2  2]
 [ 4  0  0  0 21]
 [ 1  0  0  9  0]]
ofmpa psum[2][26]
[[ 2 14 12  3  0]
 [ 0  6  3 20  0]
 [ 8  0  8  1  0]
 [20  0  0  0 14]
 [ 1  0  1 36  0]]
ofmpa psum[2][27]
[[14  8  9  5  0]
 [ 2  9  4 10  0]
 [ 4  0  4  0  2]
 [ 8  0  0  0  0]
 [ 0  0  4  9  0]]
ofmpa psum[2][28]
[[ 8  6 15  1  0]
 [ 3 12  2 25  0]
 [ 8  0  0  1 14]
 [12  0  0  0 28]
 [ 1  0  1 54  0]]
ofmpa psum[2][29]
[[ 6 10  3  7  0]
 [ 4  6  5 35  0]
 [ 4  0  4  7  0]
 [12  0  0  0  0]
 [ 4  0  6 45  0]]
ofmpa psum[3][0]
[[ 0  2  6  1  0]
 [ 0  6  3 10  0]
 [ 0  0 16  1  8]
 [ 0  0  0  0 14]
 [ 0  0  1  9  0]]
ofmpa psum[3][1]
[[ 2  4  3  6  0]
 [ 2  9  2 10  0]
 [ 4  0  4  4  6]
 [12  0  0  0 56]
 [ 1  0  1  9  0]]
ofmpa psum[3][2]
[[ 4  2 18  3  0]
 [ 3  6  2  5  0]
 [16  0 16  3  0]
 [12  0  0  0 14]
 [ 1  0  1  9  0]]
ofmpa psum[3][3]
[[ 2 12  9  1  0]
 [ 2  6  1  0  0]
 [ 4  0 12  0  2]
 [12  0  0  0 14]
 [ 1  0  1  9  0]]
ofmpa psum[3][4]
[[12  6  3  5  0]
 [ 2  3  0  0  0]
 [16  0  0  1  0]
 [ 8  0  0  0 14]
 [ 1  0  1  9  0]]
ofmpa psum[3][5]
[[ 6  2 15  8  0]
 [ 1  0  0  5  0]
 [12  0  4  0  2]
 [32  0  0  0  0]
 [ 1  0  1  9  0]]
ofmpa psum[3][6]
[[ 2 10 24  3  0]
 [ 0  0  1  0  0]
 [ 0  0  0  1  0]
 [ 8  0  0  0  0]
 [ 1  0  1  9  0]]
ofmpa psum[3][7]
[[10 16  9  0  0]
 [ 0  3  0 10  0]
 [ 4  0  4  0  6]
 [ 8  0  0  0 14]
 [ 1  0  1  0  0]]
ofmpa psum[3][8]
[[16  6  0  2  0]
 [ 1  0  2  5  0]
 [ 0  0  0  3  2]
 [ 8  0  0  0  0]
 [ 1  0  0 27  0]]
ofmpa psum[3][9]
[[ 6  0  6  3  0]
 [ 0  6  1  0  0]
 [ 4  0 12  1 10]
 [ 0  0  0  0  0]
 [ 1  0  3  9  0]]
ofmpa psum[3][10]
[[ 0  4  9  2  0]
 [ 2  3  0 10  0]
 [ 0  0  4  5  4]
 [ 0  0  0  0  7]
 [ 0  0  1 45  0]]
ofmpa psum[3][11]
[[ 4  6  6  2  0]
 [ 1  0  2  5  0]
 [12  0 20  2  6]
 [ 8  0  0  0  7]
 [ 3  0  5 72  0]]
ofmpa psum[3][12]
[[ 6  4  6  1  0]
 [ 0  6  1 10  0]
 [ 4  0  8  3  4]
 [ 0  0  0  0  0]
 [ 1  0  8 27  0]]
ofmpa psum[3][13]
[[ 4  4  3  0  0]
 [ 2  3  2  5  0]
 [20  0 12  2  4]
 [ 0  0  0  0  7]
 [ 5  0  3  0  0]]
ofmpa psum[3][14]
[[ 4  2  0  2  0]
 [ 1  6  1 10  0]
 [ 8  0  8  2  2]
 [ 4  0  0  0 28]
 [ 8  0  0 18  0]]
ofmpa psum[3][15]
[[ 2  0  6  3  0]
 [ 2  3  2  5  0]
 [12  0  8  1  0]
 [ 4  0  0  0 21]
 [ 3  0  2 27  0]]
ofmpa psum[3][16]
[[ 0  4  9  2  0]
 [ 1  6  1 10  0]
 [ 8  0  4  0  2]
 [ 0  0  0  0 14]
 [ 0  0  3  9  0]]
ofmpa psum[3][17]
[[ 4  6  6  2  0]
 [ 2  3  2  5  0]
 [ 8  0  0  1  0]
 [ 4  0  0  0  7]
 [ 2  0  1 45  0]]
ofmpa psum[3][18]
[[ 6  4  6  1  0]
 [ 1  6  1 10  0]
 [ 4  0  4  0  2]
 [16  0  0  0  0]
 [ 3  0  5 72  0]]
ofmpa psum[3][19]
[[ 4  4  3  0  0]
 [ 2  3  2  5  0]
 [ 0  0  0  1  6]
 [12  0  0  0  0]
 [ 1  0  8 27  0]]
ofmpa psum[3][20]
[[4 2 0 1 0]
 [1 6 1 0 0]
 [4 0 4 3 6]
 [8 0 0 0 0]
 [5 0 3 0 0]]
ofmpa psum[3][21]
[[ 2  0  3  2  0]
 [ 2  3  0 10  0]
 [ 0  0 12  3  2]
 [ 4  0  0  0  7]
 [ 8  0  0 18  0]]
ofmpa psum[3][22]
[[ 0  2  6  1  0]
 [ 1  0  2  5  0]
 [ 4  0 12  1 10]
 [ 0  0  0  0  7]
 [ 3  0  2 18  0]]
ofmpa psum[3][23]
[[ 2  4  3  0  0]
 [ 0  6  1 10  0]
 [12  0  4  5  4]
 [ 0  0  0  0  0]
 [ 0  0  2 18  0]]
ofmpa psum[3][24]
[[ 4  2  0  2  0]
 [ 2  3  2  5  0]
 [12  0 20  2  6]
 [ 0  0  0  0  7]
 [ 2  0  2 27  0]]
ofmpa psum[3][25]
[[ 2  0  6  3  0]
 [ 1  6  1 10  0]
 [ 4  0  8  3  6]
 [ 4  0  0  0 28]
 [ 2  0  3  9  0]]
ofmpa psum[3][26]
[[ 0  4  9  4  0]
 [ 2  3  2  5  0]
 [20  0 12  3  4]
 [ 4  0  0  0  7]
 [ 2  0  1 45  0]]
ofmpa psum[3][27]
[[ 4  6 12  2  0]
 [ 1  6  1  0  0]
 [ 8  0 12  2  0]
 [ 0  0  0  0 42]
 [ 3  0  5 18  0]]
ofmpa psum[3][28]
[[ 6  8  6  5  0]
 [ 2  3  0  5  0]
 [12  0  8  0  8]
 [ 4  0  0  0 35]
 [ 1  0  2 18  0]]
ofmpa psum[3][29]
[[ 8  4 15  7  0]
 [ 1  0  1 35  0]
 [12  0  0  4  0]
 [16  0  0  0  0]
 [ 5  0  2 27  0]]
ofmpa psum[4][0]
[[ 0  4  9  2  0]
 [ 0  3  4  5  0]
 [ 0  0 12  3  4]
 [ 0  0  0  0  7]
 [ 0  0  0  9  0]]
ofmpa psum[4][1]
[[ 4  6  6  2  0]
 [ 1 12  1 20  0]
 [12  0 12  2 16]
 [ 4  0  0  0  7]
 [ 0  0  1 27  0]]
ofmpa psum[4][2]
[[ 6  4  6  1  0]
 [ 4  3  4 15  0]
 [12  0  8  8  4]
 [ 4  0  0  0  7]
 [ 0  0  3 45  0]]
ofmpa psum[4][3]
[[ 4  4  3  0  0]
 [ 1 12  3  0  0]
 [12  0 32  2  4]
 [ 4  0  0  0  7]
 [ 1  0  5 27  0]]
ofmpa psum[4][4]
[[ 4  2  0  0  0]
 [ 4  9  0  5  0]
 [ 8  0  8  2  4]
 [ 4  0  0  0  7]
 [ 3  0  3 27  0]]
ofmpa psum[4][5]
[[ 2  0  0  1  0]
 [ 3  0  1  0  0]
 [32  0  8  2  0]
 [ 4  0  0  0  7]
 [ 5  0  3  9  0]]
ofmpa psum[4][6]
[[ 0  0  3  0  0]
 [ 0  3  0  5  0]
 [ 8  0  8  0  0]
 [ 4  0  0  0  0]
 [ 3  0  1 18  0]]
ofmpa psum[4][7]
[[ 0  2  0  2  0]
 [ 1  0  1  0  0]
 [ 8  0  0  0  4]
 [ 4  0  0  0 21]
 [ 3  0  2  0  0]]
ofmpa psum[4][8]
[[ 2  0  6  1  0]
 [ 0  3  0 15  0]
 [ 8  0  0  2  0]
 [ 4  0  0  0  7]
 [ 1  0  0  9  0]]
ofmpa psum[4][9]
[[ 0  4  3  0  0]
 [ 1  0  3  5  0]
 [ 0  0  8  0  0]
 [ 4  0  0  0 35]
 [ 2  0  1 27  0]]
ofmpa psum[4][10]
[[ 4  2  0  2  0]
 [ 0  9  1 25  0]
 [ 0  0  0  0  2]
 [ 0  0  0  0 56]
 [ 0  0  3 45  0]]
ofmpa psum[4][11]
[[ 2  0  6  1  0]
 [ 3  3  5 10  0]
 [ 8  0  0  1  2]
 [12  0  0  0 21]
 [ 1  0  5 27  0]]
ofmpa psum[4][12]
[[ 0  4  3  2  0]
 [ 1 15  2 15  0]
 [ 0  0  4  1  0]
 [ 4  0  0  0  0]
 [ 3  0  3  9  0]]
ofmpa psum[4][13]
[[ 4  2  6  1  0]
 [ 5  6  3 10  0]
 [ 0  0  4  0  2]
 [20  0  0  0 14]
 [ 5  0  1 27  0]]
ofmpa psum[4][14]
[[ 2  4  3  2  0]
 [ 2  9  2 10  0]
 [ 4  0  0  1  8]
 [32  0  0  0 21]
 [ 3  0  3 45  0]]
ofmpa psum[4][15]
[[ 4  2  6  1  0]
 [ 3  6  2  5  0]
 [ 4  0  4  4  6]
 [12  0  0  0  7]
 [ 1  0  5 27  0]]
ofmpa psum[4][16]
[[ 2  4  3  2  0]
 [ 2  6  1  0  0]
 [ 0  0 16  3  4]
 [ 0  0  0  0 35]
 [ 3  0  3  9  0]]
ofmpa psum[4][17]
[[ 4  2  6  1  0]
 [ 2  3  0  5  0]
 [ 4  0 12  2  2]
 [ 8  0  0  0 56]
 [ 5  0  1 27  0]]
ofmpa psum[4][18]
[[ 2  4  3  2  0]
 [ 1  0  1  0  0]
 [16  0  8  1  0]
 [12  0  0  0 21]
 [ 3  0  3 45  0]]
ofmpa psum[4][19]
[[ 4  2  6  1  0]
 [ 0  3  0  5  0]
 [12  0  4  0  0]
 [ 4  0  0  0  0]
 [ 1  0  5 27  0]]
ofmpa psum[4][20]
[[ 2  4  3  0  0]
 [ 1  0  1 15  0]
 [ 8  0  0  0  0]
 [20  0  0  0 14]
 [ 3  0  3  0  0]]
ofmpa psum[4][21]
[[ 4  2  0  2  0]
 [ 0  3  3 15  0]
 [ 4  0  0  0  2]
 [32  0  0  0 14]
 [ 5  0  0 27  0]]
ofmpa psum[4][22]
[[ 2  0  6  1  0]
 [ 1  9  3  5  0]
 [ 0  0  0  1  2]
 [12  0  0  0 14]
 [ 3  0  3 45  0]]
ofmpa psum[4][23]
[[ 0  4  3  2  0]
 [ 3  9  1 25  0]
 [ 0  0  4  1  0]
 [ 0  0  0  0 21]
 [ 0  0  5 27  0]]
ofmpa psum[4][24]
[[ 4  2  6  1  0]
 [ 3  3  5 10  0]
 [ 0  0  4  0  2]
 [ 8  0  0  0  7]
 [ 3  0  3  9  0]]
ofmpa psum[4][25]
[[ 2  4  3  2  0]
 [ 1 15  2 15  0]
 [ 4  0  0  1  8]
 [ 8  0  0  0 35]
 [ 5  0  1 27  0]]
ofmpa psum[4][26]
[[ 4  2  6  1  0]
 [ 5  6  3 15  0]
 [ 4  0  4  4  2]
 [ 8  0  0  0 14]
 [ 3  0  3 45  0]]
ofmpa psum[4][27]
[[ 2  4  3  0  0]
 [ 2  9  3 10  0]
 [ 0  0 16  1 12]
 [12  0  0  0 14]
 [ 1  0  5 27  0]]
ofmpa psum[4][28]
[[ 4  2  0  1  0]
 [ 3  9  2  0  0]
 [ 4  0  4  6 10]
 [ 4  0  0  0 21]
 [ 3  0  3 27  0]]
ofmpa psum[4][29]
[[ 2  0  3  7  0]
 [ 3  6  0 20  0]
 [16  0 24  5  0]
 [20  0  0  0  0]
 [ 5  0  3  9  0]]
ofmpa psum[5][0]
[[ 0  2 12  1  0]
 [ 0  9  3 15  0]
 [ 0  0  4  1  2]
 [ 0  0  0  0 21]
 [ 0  0  0  9  0]]
ofmpa psum[5][1]
[[ 2  8  3  4  0]
 [ 3  9  3 10  0]
 [ 4  0  4  1  2]
 [ 0  0  0  0 35]
 [ 0  0  1  0  0]]
ofmpa psum[5][2]
[[ 8  2 12  3  0]
 [ 3  9  2 40  0]
 [ 4  0  4  1  2]
 [ 0  0  0  0 21]
 [ 0  0  0 27  0]]
ofmpa psum[5][3]
[[ 2  8  9  0  0]
 [ 3  6  8 10  0]
 [ 4  0  4  1  2]
 [ 4  0  0  0 21]
 [ 1  0  3 72  0]]
ofmpa psum[5][4]
[[ 8  6  0  1  0]
 [ 2 24  2 10  0]
 [ 4  0  4  1  2]
 [12  0  0  0  7]
 [ 0  0  8 63  0]]
ofmpa psum[5][5]
[[ 6  0  3  0  0]
 [ 8  6  2 10  0]
 [ 4  0  4  1  2]
 [20  0  0  0 14]
 [ 3  0  7  0  0]]
ofmpa psum[5][6]
[[ 0  2  0  1  0]
 [ 2  6  2  0  0]
 [ 4  0  4  1  0]
 [12  0  0  0  0]
 [ 8  0  0 54  0]]
ofmpa psum[5][7]
[[ 2  0  3  0  0]
 [ 2  6  0  0  0]
 [ 4  0  4  0  6]
 [12  0  0  0  7]
 [ 7  0  6  0  0]]
ofmpa psum[5][8]
[[ 0  2  0  3  0]
 [ 2  0  0 10  0]
 [ 4  0  0  3  2]
 [ 4  0  0  0 21]
 [ 0  0  0  9  0]]
ofmpa psum[5][9]
[[ 2  0  9  1  0]
 [ 0  0  2  0  0]
 [ 4  0 12  1 10]
 [ 8  0  0  0 35]
 [ 6  0  1 27  0]]
ofmpa psum[5][10]
[[ 0  6  3  5  0]
 [ 0  6  0  0  0]
 [ 0  0  4  5 16]
 [ 0  0  0  0 21]
 [ 0  0  3 45  0]]
ofmpa psum[5][11]
[[ 6  2 15  2  0]
 [ 2  0  0  5  0]
 [12  0 20  8  6]
 [ 4  0  0  0  7]
 [ 1  0  5 27  0]]
ofmpa psum[5][12]
[[ 2 10  6  3  0]
 [ 0  0  1  5  0]
 [ 4  0 32  3  0]
 [12  0  0  0 21]
 [ 3  0  3  9  0]]
ofmpa psum[5][13]
[[10  4  9  2  0]
 [ 0  3  1  0  0]
 [20  0 12  0  4]
 [20  0  0  0 35]
 [ 5  0  1 27  0]]
ofmpa psum[5][14]
[[ 4  6  6  2  0]
 [ 1  3  0  5  0]
 [32  0  0  2  6]
 [12  0  0  0 21]
 [ 3  0  3 45  0]]
ofmpa psum[5][15]
[[ 6  4  6  1  0]
 [ 1  0  1 20  0]
 [12  0  8  3  2]
 [ 4  0  0  0  7]
 [ 1  0  5 27  0]]
ofmpa psum[5][16]
[[ 4  4  3  0  0]
 [ 0  3  4 15  0]
 [ 0  0 12  1 10]
 [12  0  0  0 21]
 [ 3  0  3  9  0]]
ofmpa psum[5][17]
[[ 4  2  0  1  0]
 [ 1 12  3 10  0]
 [ 8  0  4  5 16]
 [20  0  0  0 35]
 [ 5  0  1 27  0]]
ofmpa psum[5][18]
[[ 2  0  3  0  0]
 [ 4  9  2  5  0]
 [12  0 20  8  6]
 [12  0  0  0 21]
 [ 3  0  3 45  0]]
ofmpa psum[5][19]
[[ 0  2  0  1  0]
 [ 3  6  1  0  0]
 [ 4  0 32  3  0]
 [ 4  0  0  0  0]
 [ 1  0  5 27  0]]
ofmpa psum[5][20]
[[ 2  0  3  3  0]
 [ 2  3  0  0  0]
 [20  0 12  0  4]
 [12  0  0  0 21]
 [ 3  0  3  9  0]]
ofmpa psum[5][21]
[[ 0  2  9  3  0]
 [ 1  0  0  0  0]
 [32  0  0  2  4]
 [20  0  0  0 35]
 [ 5  0  1 54  0]]
ofmpa psum[5][22]
[[ 2  6  9  1  0]
 [ 0  0  0  5  0]
 [12  0  8  2  4]
 [12  0  0  0 21]
 [ 3  0  6  0  0]]
ofmpa psum[5][23]
[[6 6 3 5 0]
 [0 0 1 5 0]
 [0 0 8 2 6]
 [0 0 0 0 7]
 [1 0 0 9 0]]
ofmpa psum[5][24]
[[ 6  2 15  2  0]
 [ 0  3  1  0  0]
 [ 8  0  8  3  2]
 [12  0  0  0 21]
 [ 6  0  1 27  0]]
ofmpa psum[5][25]
[[ 2 10  6  3  0]
 [ 1  3  0  5  0]
 [ 8  0 12  1 10]
 [20  0  0  0 35]
 [ 0  0  3 45  0]]
ofmpa psum[5][26]
[[10  4  9  3  0]
 [ 1  0  1 20  0]
 [ 8  0  4  5  4]
 [12  0  0  0 21]
 [ 1  0  5 27  0]]
ofmpa psum[5][27]
[[ 4  6  9  2  0]
 [ 0  3  4  5  0]
 [12  0 20  2  4]
 [ 4  0  0  0 21]
 [ 3  0  3  9  0]]
ofmpa psum[5][28]
[[ 6  6  6  0  0]
 [ 1 12  1 30  0]
 [ 4  0  8  2  6]
 [12  0  0  0  7]
 [ 5  0  1 18  0]]
ofmpa psum[5][29]
[[ 6  4  0  4  0]
 [ 4  3  6 25  0]
 [20  0  8  3  0]
 [20  0  0  0  0]
 [ 3  0  2 45  0]]
ofmpa psum[6][0]
[[0 6 9 3 0]
 [0 3 1 5 0]
 [0 0 0 1 6]
 [0 0 0 0 0]
 [0 0 1 0 0]]
ofmpa psum[6][1]
[[ 6  6  9  2  0]
 [ 1  3  1  5  0]
 [ 0  0  4  3 10]
 [ 0  0  0  0 21]
 [ 0  0  0 18  0]]
ofmpa psum[6][2]
[[ 6  6  6  8  0]
 [ 1  3  1  5  0]
 [ 0  0 12  5  6]
 [ 0  0  0  0 56]
 [ 1  0  2  9  0]]
ofmpa psum[6][3]
[[ 6  4 24  2  0]
 [ 1  3  1  5  0]
 [ 4  0 20  3  6]
 [ 4  0  0  0 49]
 [ 0  0  1  0  0]]
ofmpa psum[6][4]
[[ 4 16  6  2  0]
 [ 1  3  1  5  0]
 [12  0 12  3  2]
 [ 0  0  0  0  0]
 [ 2  0  0 18  0]]
ofmpa psum[6][5]
[[16  4  6  2  0]
 [ 1  3  1  5  0]
 [20  0 12  1  4]
 [12  0  0  0 42]
 [ 1  0  2  9  0]]
ofmpa psum[6][6]
[[ 4  4  6  0  0]
 [ 1  3  1  5  0]
 [12  0  4  2  0]
 [32  0  0  0  0]
 [ 0  0  1 18  0]]
ofmpa psum[6][7]
[[ 4  4  0  0  0]
 [ 1  3  1  0  0]
 [12  0  8  0  2]
 [28  0  0  0  7]
 [ 2  0  2  9  0]]
ofmpa psum[6][8]
[[ 4  0  0  2  0]
 [ 1  3  0 15  0]
 [ 4  0  0  1  6]
 [ 0  0  0  0 21]
 [ 1  0  1  0  0]]
ofmpa psum[6][9]
[[ 0  0  6  0  0]
 [ 1  0  3  5  0]
 [ 8  0  4  3 10]
 [24  0  0  0 35]
 [ 2  0  0  9  0]]
ofmpa psum[6][10]
[[ 0  4  0  0  0]
 [ 0  9  1 25  0]
 [ 0  0 12  5  6]
 [ 0  0  0  0 21]
 [ 1  0  1  0  0]]
ofmpa psum[6][11]
[[ 4  0  0  1  0]
 [ 3  3  5 40  0]
 [ 4  0 20  3  2]
 [ 4  0  0  0  7]
 [ 0  0  0 18  0]]
ofmpa psum[6][12]
[[ 0  0  3  1  0]
 [ 1 15  8 15  0]
 [12  0 12  1  6]
 [12  0  0  0 21]
 [ 1  0  2  9  0]]
ofmpa psum[6][13]
[[ 0  2  3  0  0]
 [ 5 24  3  0  0]
 [20  0  4  3 10]
 [20  0  0  0 35]
 [ 0  0  1  0  0]]
ofmpa psum[6][14]
[[ 2  2  0  1  0]
 [ 8  9  0 10  0]
 [12  0 12  5  6]
 [12  0  0  0 21]
 [ 2  0  0 18  0]]
ofmpa psum[6][15]
[[ 2  0  3  4  0]
 [ 3  0  2 15  0]
 [ 4  0 20  3  2]
 [ 4  0  0  0  7]
 [ 1  0  2  9  0]]
ofmpa psum[6][16]
[[ 0  2 12  3  0]
 [ 0  6  3  5  0]
 [12  0 12  1  6]
 [12  0  0  0 21]
 [ 0  0  1  9  0]]
ofmpa psum[6][17]
[[ 2  8  9  2  0]
 [ 2  9  1 25  0]
 [20  0  4  3 10]
 [20  0  0  0 35]
 [ 2  0  1  0  0]]
ofmpa psum[6][18]
[[ 8  6  6  1  0]
 [ 3  3  5 40  0]
 [12  0 12  5  6]
 [12  0  0  0 21]
 [ 1  0  0  9  0]]
ofmpa psum[6][19]
[[ 6  4  3  0  0]
 [ 1 15  8 15  0]
 [ 4  0 20  3  0]
 [ 4  0  0  0  7]
 [ 1  0  1  0  0]]
ofmpa psum[6][20]
[[ 4  2  0  0  0]
 [ 5 24  3  0  0]
 [12  0 12  0  6]
 [12  0  0  0 42]
 [ 0  0  0 18  0]]
ofmpa psum[6][21]
[[ 2  0  0  0  0]
 [ 8  9  0 10  0]
 [20  0  0  3 10]
 [20  0  0  0  0]
 [ 1  0  2  9  0]]
ofmpa psum[6][22]
[[ 0  0  0  1  0]
 [ 3  0  2 10  0]
 [12  0 12  5  6]
 [12  0  0  0  7]
 [ 0  0  1  0  0]]
ofmpa psum[6][23]
[[ 0  0  3  1  0]
 [ 0  6  2 10  0]
 [ 0  0 20  3  2]
 [ 4  0  0  0 21]
 [ 2  0  0 18  0]]
ofmpa psum[6][24]
[[ 0  2  3  0  0]
 [ 2  6  2 15  0]
 [12  0 12  1  6]
 [24  0  0  0 35]
 [ 1  0  2 27  0]]
ofmpa psum[6][25]
[[ 2  2  0  1  0]
 [ 2  6  3  5  0]
 [20  0  4  3 10]
 [ 0  0  0  0 21]
 [ 0  0  3 18  0]]
ofmpa psum[6][26]
[[ 2  0  3  4  0]
 [ 2  9  1 25  0]
 [12  0 12  5  6]
 [ 4  0  0  0  7]
 [ 2  0  2  9  0]]
ofmpa psum[6][27]
[[ 0  2 12  1  0]
 [ 3  3  5 10  0]
 [ 4  0 20  3  6]
 [12  0  0  0 14]
 [ 3  0  1  9  0]]
ofmpa psum[6][28]
[[ 2  8  3  6  0]
 [ 1 15  2 10  0]
 [12  0 12  3  2]
 [20  0  0  0 35]
 [ 2  0  1 18  0]]
ofmpa psum[6][29]
[[ 8  2 18  5  0]
 [ 5  6  2 15  0]
 [20  0 12  1  0]
 [12  0  0  0  0]
 [ 1  0  2 27  0]]
ofmpa psum[7][0]
[[ 0  2  3  1  0]
 [ 0  0  0  5  0]
 [ 0  0  0  1  0]
 [ 0  0  0  0 14]
 [ 1  0  1  9  0]]
ofmpa psum[7][1]
[[ 2  2  3  1  0]
 [ 0  0  1 15  0]
 [ 0  0  4  0  6]
 [ 0  0  0  0  7]
 [ 1  0  1  0  0]]
ofmpa psum[7][2]
[[ 2  2  3  1  0]
 [ 0  3  3 25  0]
 [ 0  0  0  3 16]
 [ 4  0  0  0  0]
 [ 1  0  0 27  0]]
ofmpa psum[7][3]
[[ 2  2  3  1  0]
 [ 1  9  5 15  0]
 [ 4  0 12  8 14]
 [ 0  0  0  0 14]
 [ 1  0  3  9  0]]
ofmpa psum[7][4]
[[ 2  2  3  1  0]
 [ 3 15  3 15  0]
 [ 0  0 32  7  0]
 [ 8  0  0  0  7]
 [ 0  0  1 45  0]]
ofmpa psum[7][5]
[[ 2  2  3  1  0]
 [ 5  9  3  5  0]
 [12  0 28  0 12]
 [ 4  0  0  0 14]
 [ 3  0  5 72  0]]
ofmpa psum[7][6]
[[ 2  2  3  1  0]
 [ 3  9  1 10  0]
 [32  0  0  6  0]
 [ 0  0  0  0  7]
 [ 1  0  8 27  0]]
ofmpa psum[7][7]
[[ 2  2  3  0  0]
 [ 3  3  2  0  0]
 [28  0 24  0  2]
 [ 8  0  0  0  0]
 [ 5  0  3  0  0]]
ofmpa psum[7][8]
[[2 2 0 3 0]
 [1 6 0 5 0]
 [0 0 0 1 6]
 [4 0 0 0 7]
 [8 0 0 9 0]]
ofmpa psum[7][9]
[[ 2  0  9  1  0]
 [ 2  0  1 15  0]
 [24  0  4  3 10]
 [ 8  0  0  0  0]
 [ 3  0  1  9  0]]
ofmpa psum[7][10]
[[ 0  6  3  5  0]
 [ 0  3  3 25  0]
 [ 0  0 12  5  6]
 [ 4  0  0  0 14]
 [ 0  0  1  9  0]]
ofmpa psum[7][11]
[[ 6  2 15  8  0]
 [ 1  9  5 15  0]
 [ 4  0 20  3  2]
 [ 0  0  0  0  7]
 [ 1  0  1  9  0]]
ofmpa psum[7][12]
[[ 2 10 24  3  0]
 [ 3 15  3  5  0]
 [12  0 12  1  6]
 [ 4  0  0  0  0]
 [ 1  0  1  0  0]]
ofmpa psum[7][13]
[[10 16  9  0  0]
 [ 5  9  1 15  0]
 [20  0  4  3 10]
 [ 0  0  0  0 14]
 [ 1  0  0  9  0]]
ofmpa psum[7][14]
[[16  6  0  2  0]
 [ 3  3  3 25  0]
 [12  0 12  5  6]
 [ 8  0  0  0  7]
 [ 1  0  1  9  0]]
ofmpa psum[7][15]
[[ 6  0  6  3  0]
 [ 1  9  5 15  0]
 [ 4  0 20  3  2]
 [ 4  0  0  0  7]
 [ 0  0  1  9  0]]
ofmpa psum[7][16]
[[ 0  4  9  1  0]
 [ 3 15  3  5  0]
 [12  0 12  1  6]
 [ 0  0  0  0  0]
 [ 1  0  1  9  0]]
ofmpa psum[7][17]
[[ 4  6  3  5  0]
 [ 5  9  1 15  0]
 [20  0  4  3 10]
 [ 8  0  0  0  7]
 [ 1  0  1 18  0]]
ofmpa psum[7][18]
[[ 6  2 15  8  0]
 [ 3  3  3 25  0]
 [12  0 12  5  6]
 [ 4  0  0  0  0]
 [ 1  0  2 27  0]]
ofmpa psum[7][19]
[[ 2 10 24  3  0]
 [ 1  9  5 15  0]
 [ 4  0 20  3  2]
 [ 4  0  0  0 14]
 [ 1  0  3  9  0]]
ofmpa psum[7][20]
[[10 16  9  0  0]
 [ 3 15  3  0  0]
 [12  0 12  1 12]
 [ 0  0  0  0  7]
 [ 2  0  1  9  0]]
ofmpa psum[7][21]
[[16  6  0  2  0]
 [ 5  9  0 15  0]
 [20  0  4  6  0]
 [ 4  0  0  0  0]
 [ 3  0  1  9  0]]
ofmpa psum[7][22]
[[ 6  0  6  2  0]
 [ 3  0  3 25  0]
 [12  0 24  0  2]
 [ 0  0  0  0 14]
 [ 1  0  1  9  0]]
ofmpa psum[7][23]
[[ 0  4  6  2  0]
 [ 0  9  5 15  0]
 [ 4  0  0  1  6]
 [ 8  0  0  0 21]
 [ 1  0  1  9  0]]
ofmpa psum[7][24]
[[ 4  4  6  3  0]
 [ 3 15  3  5  0]
 [24  0  4  3 10]
 [ 4  0  0  0 14]
 [ 1  0  1 45  0]]
ofmpa psum[7][25]
[[ 4  4  9  1  0]
 [ 5  9  1 15  0]
 [ 0  0 12  5  6]
 [ 0  0  0  0  7]
 [ 1  0  5 72  0]]
ofmpa psum[7][26]
[[ 4  6  3  5  0]
 [ 3  3  3 25  0]
 [ 4  0 20  3  2]
 [ 8  0  0  0  7]
 [ 1  0  8 27  0]]
ofmpa psum[7][27]
[[ 6  2 15  2  0]
 [ 1  9  5 15  0]
 [12  0 12  1  4]
 [12  0  0  0 14]
 [ 5  0  3  0  0]]
ofmpa psum[7][28]
[[ 2 10  6  2  0]
 [ 3 15  3 15  0]
 [20  0  4  2 10]
 [ 8  0  0  0 21]
 [ 8  0  0  0  0]]
ofmpa psum[7][29]
[[10  4  6  3  0]
 [ 5  9  3  5  0]
 [12  0  8  5  0]
 [ 4  0  0  0  0]
 [ 3  0  0  9  0]]
ofmpa psum[8][0]
[[0 0 0 1 0]
 [0 0 0 5 0]
 [0 0 4 0 4]
 [4 0 0 0 0]
 [0 0 1 0 0]]
ofmpa psum[8][1]
[[ 0  0  3  3  0]
 [ 0  0  1  0  0]
 [ 0  0  0  2  2]
 [ 4  0  0  0 21]
 [ 2  0  0  0  0]]
ofmpa psum[8][2]
[[ 0  2  9  5  0]
 [ 0  3  0 15  0]
 [ 4  0  8  1  0]
 [ 4  0  0  0  7]
 [ 1  0  0  9  0]]
ofmpa psum[8][3]
[[ 2  6 15  3  0]
 [ 1  0  3 40  0]
 [ 0  0  4  0  4]
 [ 4  0  0  0 35]
 [ 0  0  1  0  0]]
ofmpa psum[8][4]
[[ 6 10  9  3  0]
 [ 0  9  8 35  0]
 [ 8  0  0  2  2]
 [ 0  0  0  0 56]
 [ 0  0  0 18  0]]
ofmpa psum[8][5]
[[10  6  9  1  0]
 [ 3 24  7  0  0]
 [ 4  0  8  1  4]
 [12  0  0  0 21]
 [ 1  0  2  9  0]]
ofmpa psum[8][6]
[[ 6  6  3  2  0]
 [ 8 21  0 30  0]
 [ 0  0  4  2  2]
 [ 4  0  0  0  0]
 [ 0  0  1  0  0]]
ofmpa psum[8][7]
[[ 6  2  6  0  0]
 [ 7  0  6  0  0]
 [ 8  0  8  1  0]
 [20  0  0  0  7]
 [ 2  0  0 18  0]]
ofmpa psum[8][8]
[[ 2  4  0  1  0]
 [ 0 18  0  5  0]
 [ 4  0  4  0  2]
 [32  0  0  0  7]
 [ 1  0  2  9  0]]
ofmpa psum[8][9]
[[ 4  0  3  3  0]
 [ 6  0  1 15  0]
 [ 8  0  0  1  0]
 [12  0  0  0  7]
 [ 0  0  1 18  0]]
ofmpa psum[8][10]
[[ 0  2  9  5  0]
 [ 0  3  3 25  0]
 [ 4  0  4  0  4]
 [ 0  0  0  0  7]
 [ 2  0  2  9  0]]
ofmpa psum[8][11]
[[ 2  6 15  3  0]
 [ 1  9  5 15  0]
 [ 0  0  0  2  2]
 [ 4  0  0  0  0]
 [ 1  0  1 18  0]]
ofmpa psum[8][12]
[[ 6 10  9  1  0]
 [ 3 15  3  5  0]
 [ 4  0  8  1  0]
 [ 4  0  0  0  7]
 [ 2  0  2  9  0]]
ofmpa psum[8][13]
[[10  6  3  3  0]
 [ 5  9  1 15  0]
 [ 0  0  4  0  4]
 [ 4  0  0  0  7]
 [ 1  0  1 27  0]]
ofmpa psum[8][14]
[[ 6  2  9  5  0]
 [ 3  3  3 25  0]
 [ 8  0  0  2  2]
 [ 4  0  0  0  7]
 [ 2  0  3 45  0]]
ofmpa psum[8][15]
[[ 2  6 15  3  0]
 [ 1  9  5 15  0]
 [ 4  0  8  1  2]
 [ 0  0  0  0  7]
 [ 1  0  5 27  0]]
ofmpa psum[8][16]
[[ 6 10  9  1  0]
 [ 3 15  3  5  0]
 [ 0  0  4  1  0]
 [ 4  0  0  0 14]
 [ 3  0  3  9  0]]
ofmpa psum[8][17]
[[10  6  3  3  0]
 [ 5  9  1 15  0]
 [ 8  0  4  0  2]
 [ 4  0  0  0 21]
 [ 5  0  1 27  0]]
ofmpa psum[8][18]
[[ 6  2  9  5  0]
 [ 3  3  3 25  0]
 [ 4  0  0  1  0]
 [ 4  0  0  0  7]
 [ 3  0  3 45  0]]
ofmpa psum[8][19]
[[ 2  6 15  3  0]
 [ 1  9  5 15  0]
 [ 4  0  4  0  4]
 [ 4  0  0  0  7]
 [ 1  0  5 27  0]]
ofmpa psum[8][20]
[[ 6 10  9  0  0]
 [ 3 15  3  5  0]
 [ 0  0  0  2  2]
 [ 8  0  0  0  7]
 [ 3  0  3  9  0]]
ofmpa psum[8][21]
[[10  6  0  3  0]
 [ 5  9  1 30  0]
 [ 4  0  8  1  0]
 [12  0  0  0  7]
 [ 5  0  1  9  0]]
ofmpa psum[8][22]
[[ 6  0  9  5  0]
 [ 3  3  6  0  0]
 [ 0  0  4  0  4]
 [ 4  0  0  0  7]
 [ 3  0  1 18  0]]
ofmpa psum[8][23]
[[ 0  6 15  3  0]
 [ 1 18  0  5  0]
 [ 8  0  0  2  6]
 [ 4  0  0  0 35]
 [ 1  0  2  0  0]]
ofmpa psum[8][24]
[[ 6 10  9  1  0]
 [ 6  0  1 15  0]
 [ 4  0  8  3  4]
 [ 4  0  0  0 56]
 [ 1  0  0  0  0]]
ofmpa psum[8][25]
[[10  6  3  3  0]
 [ 0  3  3 25  0]
 [ 0  0 12  2  2]
 [ 4  0  0  0 21]
 [ 2  0  0  9  0]]
ofmpa psum[8][26]
[[ 6  2  9  5  0]
 [ 1  9  5 15  0]
 [ 8  0  8  1  2]
 [ 4  0  0  0  0]
 [ 0  0  1 18  0]]
ofmpa psum[8][27]
[[ 2  6 15  3  0]
 [ 3 15  3  5  0]
 [12  0  4  1  4]
 [20  0  0  0  0]
 [ 0  0  2  9  0]]
ofmpa psum[8][28]
[[ 6 10  9  3  0]
 [ 5  9  1 10  0]
 [ 8  0  4  2  6]
 [32  0  0  0  7]
 [ 1  0  1  0  0]]
ofmpa psum[8][29]
[[10  6  9  1  0]
 [ 3  3  2 25  0]
 [ 4  0  8  3  0]
 [12  0  0  0  0]
 [ 2  0  0 81  0]]
ofmpa psum[9][0]
[[0 0 0 1 0]
 [0 0 1 0 0]
 [4 0 4 1 0]
 [0 0 0 0 0]
 [0 0 2 0 0]]
ofmpa psum[9][1]
[[ 0  0  3  0  0]
 [ 0  3  0 10  0]
 [ 4  0  4  0  6]
 [ 8  0  0  0  7]
 [ 2  0  0  0  0]]
ofmpa psum[9][2]
[[ 0  2  0  3  0]
 [ 1  0  2  5  0]
 [ 4  0  0  3  2]
 [ 4  0  0  0  0]
 [ 2  0  0 18  0]]
ofmpa psum[9][3]
[[ 2  0  9  8  0]
 [ 0  6  1  0  0]
 [ 4  0 12  1 10]
 [ 0  0  0  0 14]
 [ 0  0  2  0  0]]
ofmpa psum[9][4]
[[ 0  6 24  7  0]
 [ 2  3  0 10  0]
 [ 0  0  4  5 16]
 [ 0  0  0  0  7]
 [ 0  0  0  0  0]]
ofmpa psum[9][5]
[[ 6 16 21  0  0]
 [ 1  0  2  5  0]
 [12  0 20  8  6]
 [ 4  0  0  0  0]
 [ 2  0  0  9  0]]
ofmpa psum[9][6]
[[16 14  0  6  0]
 [ 0  6  1 10  0]
 [ 4  0 32  3  0]
 [ 0  0  0  0 14]
 [ 0  0  1  9  0]]
ofmpa psum[9][7]
[[14  0 18  0  0]
 [ 2  3  2  5  0]
 [20  0 12  0  2]
 [ 8  0  0  0  7]
 [ 0  0  1  0  0]]
ofmpa psum[9][8]
[[ 0 12  0  1  0]
 [ 1  6  1  0  0]
 [32  0  0  1  2]
 [ 4  0  0  0 14]
 [ 1  0  0 18  0]]
ofmpa psum[9][9]
[[12  0  3  3  0]
 [ 2  3  0  5  0]
 [12  0  4  1  2]
 [ 0  0  0  0  7]
 [ 1  0  2 18  0]]
ofmpa psum[9][10]
[[ 0  2  9  5  0]
 [ 1  0  1  0  0]
 [ 0  0  4  1  2]
 [ 8  0  0  0 14]
 [ 0  0  2 27  0]]
ofmpa psum[9][11]
[[ 2  6 15  3  0]
 [ 0  3  0 10  0]
 [ 4  0  4  1  0]
 [ 4  0  0  0  7]
 [ 2  0  3 45  0]]
ofmpa psum[9][12]
[[ 6 10  9  1  0]
 [ 1  0  2  5  0]
 [ 4  0  4  0  2]
 [ 8  0  0  0 21]
 [ 2  0  5 27  0]]
ofmpa psum[9][13]
[[10  6  3  3  0]
 [ 0  6  1  0  0]
 [ 4  0  0  1  2]
 [ 4  0  0  0 35]
 [ 3  0  3  9  0]]
ofmpa psum[9][14]
[[ 6  2  9  5  0]
 [ 2  3  0 10  0]
 [ 4  0  4  1  2]
 [ 8  0  0  0 21]
 [ 5  0  1 27  0]]
ofmpa psum[9][15]
[[ 2  6 15  3  0]
 [ 1  0  2  5  0]
 [ 0  0  4  1  2]
 [ 4  0  0  0  7]
 [ 3  0  3 45  0]]
ofmpa psum[9][16]
[[ 6 10  9  1  0]
 [ 0  6  1  5  0]
 [ 4  0  4  1  4]
 [12  0  0  0 21]
 [ 1  0  5 27  0]]
ofmpa psum[9][17]
[[10  6  3  3  0]
 [ 2  3  1  0  0]
 [ 4  0  4  2  6]
 [20  0  0  0 35]
 [ 3  0  3 27  0]]
ofmpa psum[9][18]
[[ 6  2  9  5  0]
 [ 1  3  0  5  0]
 [ 4  0  8  3  2]
 [12  0  0  0 21]
 [ 5  0  3 18  0]]
ofmpa psum[9][19]
[[ 2  6 15  3  0]
 [ 1  0  1  0  0]
 [ 4  0 12  1  2]
 [ 4  0  0  0  7]
 [ 3  0  2  0  0]]
ofmpa psum[9][20]
[[ 6 10  9  1  0]
 [ 0  3  0 10  0]
 [ 8  0  4  1  2]
 [12  0  0  0  7]
 [ 3  0  0  0  0]]
ofmpa psum[9][21]
[[10  6  3  6  0]
 [ 1  0  2  5  0]
 [12  0  4  1  2]
 [20  0  0  0 14]
 [ 2  0  0 18  0]]
ofmpa psum[9][22]
[[ 6  2 18  0  0]
 [ 0  6  1  0  0]
 [ 4  0  4  1  2]
 [12  0  0  0  0]
 [ 0  0  2  0  0]]
ofmpa psum[9][23]
[[ 2 12  0  1  0]
 [ 2  3  0 10  0]
 [ 4  0  4  1 10]
 [ 4  0  0  0  0]
 [ 0  0  0  0  0]]
ofmpa psum[9][24]
[[12  0  3  3  0]
 [ 1  0  2 15  0]
 [ 4  0  4  5 16]
 [ 4  0  0  0  7]
 [ 2  0  0  9  0]]
ofmpa psum[9][25]
[[ 0  2  9  5  0]
 [ 0  6  3 10  0]
 [ 4  0 20  8  6]
 [ 8  0  0  0 14]
 [ 0  0  1  9  0]]
ofmpa psum[9][26]
[[ 2  6 15  3  0]
 [ 2  9  2  5  0]
 [ 4  0 32  3  0]
 [ 0  0  0  0  7]
 [ 0  0  1  0  0]]
ofmpa psum[9][27]
[[ 6 10  9  1  0]
 [ 3  6  1  5  0]
 [20  0 12  0  0]
 [ 0  0  0  0  0]
 [ 1  0  0  9  0]]
ofmpa psum[9][28]
[[10  6  3  2  0]
 [ 2  3  1 10  0]
 [32  0  0  0  2]
 [ 4  0  0  0 63]
 [ 1  0  1  0  0]]
ofmpa psum[9][29]
[[ 6  2  6  5  0]
 [ 1  3  2 15  0]
 [12  0  0  1  0]
 [ 8  0  0  0  0]
 [ 0  0  0  0  0]]
ofmpa psum[10][0]
[[0 0 3 0 0]
 [1 3 1 5 0]
 [0 0 4 0 0]
 [0 0 0 0 0]
 [0 0 2 0 0]]
ofmpa psum[10][1]
[[ 0  2  0  2  0]
 [ 1  3  1  0  0]
 [ 8  0  0  0  2]
 [ 8  0  0  0 14]
 [ 2  0  0  0  0]]
ofmpa psum[10][2]
[[ 2  0  6  1  0]
 [ 1  3  0 15  0]
 [ 4  0  0  1  0]
 [ 8  0  0  0  0]
 [ 2  0  0 18  0]]
ofmpa psum[10][3]
[[0 4 3 0 0]
 [1 0 3 5 0]
 [0 0 4 0 4]
 [0 0 0 0 0]
 [0 0 2 0 0]]
ofmpa psum[10][4]
[[ 4  2  0  2  0]
 [ 0  9  1 25  0]
 [ 0  0  0  2  2]
 [ 0  0  0  0  7]
 [ 0  0  0  0  0]]
ofmpa psum[10][5]
[[ 2  0  6  1  0]
 [ 3  3  5 40  0]
 [ 4  0  8  1  0]
 [ 8  0  0  0  7]
 [ 2  0  0  9  0]]
ofmpa psum[10][6]
[[ 0  4  3  2  0]
 [ 1 15  8 15  0]
 [ 0  0  4  0  4]
 [ 0  0  0  0  0]
 [ 0  0  1  9  0]]
ofmpa psum[10][7]
[[ 4  2  6  1  0]
 [ 5 24  3  0  0]
 [ 8  0  0  2  2]
 [ 0  0  0  0 14]
 [ 0  0  1  0  0]]
ofmpa psum[10][8]
[[ 2  4  3  0  0]
 [ 8  9  0  5  0]
 [ 4  0  8  1  4]
 [ 4  0  0  0 14]
 [ 1  0  0  0  0]]
ofmpa psum[10][9]
[[ 4  2  0  1  0]
 [ 3  0  1  5  0]
 [ 0  0  4  2  2]
 [ 4  0  0  0 21]
 [ 1  0  0  9  0]]
ofmpa psum[10][10]
[[ 2  0  3  0  0]
 [ 0  3  1  5  0]
 [ 8  0  8  1  4]
 [ 0  0  0  0 35]
 [ 0  0  1  0  0]]
ofmpa psum[10][11]
[[ 0  2  0  2  0]
 [ 1  3  1  5  0]
 [ 4  0  4  2  2]
 [ 8  0  0  0 21]
 [ 0  0  0  9  0]]
ofmpa psum[10][12]
[[2 0 6 1 0]
 [1 3 1 0 0]
 [8 0 8 1 6]
 [8 0 0 0 7]
 [1 0 1 0 0]]
ofmpa psum[10][13]
[[ 0  4  3  0  0]
 [ 1  3  0  5  0]
 [ 4  0  4  3 10]
 [12  0  0  0 21]
 [ 0  0  0 18  0]]
ofmpa psum[10][14]
[[ 4  2  0  2  0]
 [ 1  0  1  5  0]
 [ 8  0 12  5  6]
 [20  0  0  0 35]
 [ 1  0  2  9  0]]
ofmpa psum[10][15]
[[ 2  0  6  1  0]
 [ 0  3  1  5  0]
 [ 4  0 20  3  2]
 [12  0  0  0 21]
 [ 0  0  1  0  0]]
ofmpa psum[10][16]
[[ 0  4  3  1  0]
 [ 1  3  1  5  0]
 [12  0 12  1  6]
 [ 4  0  0  0 21]
 [ 2  0  0 18  0]]
ofmpa psum[10][17]
[[ 4  2  3  0  0]
 [ 1  3  1 10  0]
 [20  0  4  3 10]
 [12  0  0  0 14]
 [ 1  0  2  9  0]]
ofmpa psum[10][18]
[[ 2  2  0  1  0]
 [ 1  3  2 15  0]
 [12  0 12  5  6]
 [20  0  0  0  0]
 [ 0  0  1  9  0]]
ofmpa psum[10][19]
[[ 2  0  3  0  0]
 [ 1  6  3  5  0]
 [ 4  0 20  3  2]
 [12  0  0  0  0]
 [ 2  0  1  0  0]]
ofmpa psum[10][20]
[[ 0  2  0  2  0]
 [ 2  9  1  5  0]
 [12  0 12  1  2]
 [12  0  0  0 14]
 [ 1  0  0  9  0]]
ofmpa psum[10][21]
[[ 2  0  6  1  0]
 [ 3  3  1  5  0]
 [20  0  4  1  4]
 [ 8  0  0  0  0]
 [ 1  0  1  9  0]]
ofmpa psum[10][22]
[[ 0  4  3  0  0]
 [ 1  3  1  5  0]
 [12  0  4  2  0]
 [ 0  0  0  0  0]
 [ 0  0  1 45  0]]
ofmpa psum[10][23]
[[ 4  2  0  2  0]
 [ 1  3  1  5  0]
 [ 4  0  8  0  0]
 [ 0  0  0  0  7]
 [ 1  0  5 18  0]]
ofmpa psum[10][24]
[[ 2  0  6  3  0]
 [ 1  3  1 25  0]
 [ 4  0  0  0  2]
 [ 8  0  0  0  7]
 [ 1  0  2  0  0]]
ofmpa psum[10][25]
[[ 0  4  9  2  0]
 [ 1  3  5 40  0]
 [ 8  0  0  1  4]
 [ 0  0  0  0  0]
 [ 5  0  0  9  0]]
ofmpa psum[10][26]
[[ 4  6  6  1  0]
 [ 1 15  8 15  0]
 [ 0  0  4  2  2]
 [ 0  0  0  0  7]
 [ 2  0  1  0  0]]
ofmpa psum[10][27]
[[ 6  4  3  1  0]
 [ 5 24  3  0  0]
 [ 0  0  8  1  0]
 [ 4  0  0  0  0]
 [ 0  0  0 27  0]]
ofmpa psum[10][28]
[[ 4  2  3  2  0]
 [ 8  9  0  0  0]
 [ 4  0  4  0 18]
 [ 4  0  0  0  0]
 [ 1  0  3  9  0]]
ofmpa psum[10][29]
[[ 2  2  6  3  0]
 [ 3  0  0  5  0]
 [ 8  0  0  9  0]
 [ 0  0  0  0  0]
 [ 0  0  1 45  0]]
ofmpa psum[11][0]
[[ 2  2  3  1  0]
 [ 0  6  1  0  0]
 [ 0  0  8  0  0]
 [ 0  0  0  0  0]
 [ 0  0  1 27  0]]
ofmpa psum[11][1]
[[ 2  2  3  0  0]
 [ 2  3  0  0  0]
 [ 8  0  0  0  4]
 [ 8  0  0  0 14]
 [ 0  0  3 45  0]]
ofmpa psum[11][2]
[[ 2  2  0  3  0]
 [ 1  0  0  5  0]
 [ 8  0  0  2  0]
 [ 8  0  0  0  0]
 [ 1  0  5 27  0]]
ofmpa psum[11][3]
[[2 0 9 1 0]
 [0 0 1 0 0]
 [0 0 8 0 0]
 [0 0 0 0 0]
 [3 0 3 9 0]]
ofmpa psum[11][4]
[[ 0  6  3  5  0]
 [ 0  3  0 10  0]
 [ 0  0  0  0  2]
 [ 0  0  0  0  7]
 [ 5  0  1 27  0]]
ofmpa psum[11][5]
[[ 6  2 15  8  0]
 [ 1  0  2  5  0]
 [ 8  0  0  1  2]
 [ 8  0  0  0  7]
 [ 3  0  3 45  0]]
ofmpa psum[11][6]
[[ 2 10 24  3  0]
 [ 0  6  1  0  0]
 [ 0  0  4  1  0]
 [ 0  0  0  0  0]
 [ 1  0  5 27  0]]
ofmpa psum[11][7]
[[10 16  9  0  0]
 [ 2  3  0 10  0]
 [ 0  0  4  0  4]
 [ 0  0  0  0  0]
 [ 3  0  3 27  0]]
ofmpa psum[11][8]
[[16  6  0  1  0]
 [ 1  0  2  5  0]
 [ 4  0  0  2  4]
 [ 4  0  0  0  7]
 [ 5  0  3  0  0]]
ofmpa psum[11][9]
[[ 6  0  3  1  0]
 [ 0  6  1 10  0]
 [ 4  0  8  2  6]
 [ 4  0  0  0  0]
 [ 3  0  0 18  0]]
ofmpa psum[11][10]
[[ 0  2  3  1  0]
 [ 2  3  2  5  0]
 [ 0  0  8  3 10]
 [ 0  0  0  0  7]
 [ 3  0  2  9  0]]
ofmpa psum[11][11]
[[ 2  2  3  1  0]
 [ 1  6  1 10  0]
 [ 8  0 12  5  6]
 [ 0  0  0  0  0]
 [ 0  0  1 18  0]]
ofmpa psum[11][12]
[[ 2  2  3  0  0]
 [ 2  3  2  5  0]
 [ 8  0 20  3  2]
 [ 4  0  0  0 14]
 [ 2  0  2  9  0]]
ofmpa psum[11][13]
[[ 2  2  0  1  0]
 [ 1  6  1 15  0]
 [12  0 12  1  6]
 [ 0  0  0  0  7]
 [ 1  0  1 18  0]]
ofmpa psum[11][14]
[[ 2  0  3  1  0]
 [ 2  3  3 25  0]
 [20  0  4  3 10]
 [ 4  0  0  0  0]
 [ 2  0  2  9  0]]
ofmpa psum[11][15]
[[ 0  2  3  1  0]
 [ 1  9  5 15  0]
 [12  0 12  5  6]
 [ 0  0  0  0 14]
 [ 1  0  1  9  0]]
ofmpa psum[11][16]
[[ 2  2  3  1  0]
 [ 3 15  3  5  0]
 [ 4  0 20  3  6]
 [ 8  0  0  0  7]
 [ 2  0  1  9  0]]
ofmpa psum[11][17]
[[ 2  2  3  2  0]
 [ 5  9  1 15  0]
 [12  0 12  3  4]
 [ 4  0  0  0  7]
 [ 1  0  1  9  0]]
ofmpa psum[11][18]
[[ 2  2  6  3  0]
 [ 3  3  3 25  0]
 [20  0 12  2  0]
 [ 0  0  0  0  0]
 [ 1  0  1  9  0]]
ofmpa psum[11][19]
[[ 2  4  9  1  0]
 [ 1  9  5 15  0]
 [12  0  8  0  0]
 [ 8  0  0  0  7]
 [ 1  0  1  0  0]]
ofmpa psum[11][20]
[[ 4  6  3  1  0]
 [ 3 15  3  5  0]
 [12  0  0  0  4]
 [ 4  0  0  0  7]
 [ 1  0  0 27  0]]
ofmpa psum[11][21]
[[ 6  2  3  1  0]
 [ 5  9  1  5  0]
 [ 8  0  0  2  0]
 [ 4  0  0  0 35]
 [ 1  0  3 27  0]]
ofmpa psum[11][22]
[[ 2  2  3  1  0]
 [ 3  3  1 10  0]
 [ 0  0  8  0  0]
 [ 0  0  0  0 14]
 [ 0  0  3  0  0]]
ofmpa psum[11][23]
[[2 2 3 1 0]
 [1 3 2 0 0]
 [0 0 0 0 2]
 [4 0 0 0 0]
 [3 0 0 9 0]]
ofmpa psum[11][24]
[[2 2 3 5 0]
 [1 6 0 0 0]
 [8 0 0 1 2]
 [4 0 0 0 7]
 [3 0 1 9 0]]
ofmpa psum[11][25]
[[ 2  2 15  8  0]
 [ 2  0  0  5  0]
 [ 0  0  4  1  0]
 [20  0  0  0  0]
 [ 0  0  1  9  0]]
ofmpa psum[11][26]
[[ 2 10 24  3  0]
 [ 0  0  1 10  0]
 [ 0  0  4  0  2]
 [ 8  0  0  0 21]
 [ 1  0  1  9  0]]
ofmpa psum[11][27]
[[10 16  9  0  0]
 [ 0  3  2  5  0]
 [ 4  0  0  1  0]
 [ 0  0  0  0  7]
 [ 1  0  1 18  0]]
ofmpa psum[11][28]
[[16  6  0  0  0]
 [ 1  6  1  0  0]
 [ 4  0  4  0  0]
 [ 4  0  0  0 35]
 [ 1  0  2 27  0]]
ofmpa psum[11][29]
[[ 6  0  0  1  0]
 [ 2  3  0 45  0]
 [ 0  0  0  0  0]
 [ 0  0  0  0  0]
 [ 1  0  3 27  0]]
ofmpa psum[12][0]
[[ 0  4  3  0  0]
 [ 0  6  2  0  0]
 [ 0  0  8  0  0]
 [ 0  0  0  0 35]
 [ 0  0  1  9  0]]
ofmpa psum[12][1]
[[ 4  2  0  0  0]
 [ 2  6  0  0  0]
 [ 8  0  0  0  4]
 [ 0  0  0  0 21]
 [ 1  0  1  9  0]]
ofmpa psum[12][2]
[[ 2  0  0  1  0]
 [ 2  0  0 10  0]
 [ 8  0  0  2  0]
 [ 4  0  0  0  7]
 [ 1  0  1  0  0]]
ofmpa psum[12][3]
[[ 0  0  3  0  0]
 [ 0  0  2  0  0]
 [ 0  0  8  0  0]
 [12  0  0  0 21]
 [ 1  0  0 27  0]]
ofmpa psum[12][4]
[[ 0  2  0  2  0]
 [ 0  6  0  0  0]
 [ 0  0  0  0  2]
 [20  0  0  0 35]
 [ 1  0  3  9  0]]
ofmpa psum[12][5]
[[ 2  0  6  1  0]
 [ 2  0  0  5  0]
 [ 8  0  0  1  2]
 [12  0  0  0 21]
 [ 0  0  1 45  0]]
ofmpa psum[12][6]
[[ 0  4  3  0  0]
 [ 0  0  1  5  0]
 [ 0  0  4  1  0]
 [ 4  0  0  0 21]
 [ 3  0  5 72  0]]
ofmpa psum[12][7]
[[ 4  2  0  2  0]
 [ 0  3  1  0  0]
 [ 0  0  4  0  0]
 [12  0  0  0  0]
 [ 1  0  8 27  0]]
ofmpa psum[12][8]
[[ 2  0  6  1  0]
 [ 1  3  0 10  0]
 [ 4  0  0  0  2]
 [20  0  0  0 14]
 [ 5  0  3  0  0]]
ofmpa psum[12][9]
[[ 0  4  3  2  0]
 [ 1  0  2 10  0]
 [ 4  0  0  1  0]
 [12  0  0  0  7]
 [ 8  0  0 18  0]]
ofmpa psum[12][10]
[[ 4  2  6  1  0]
 [ 0  6  2 15  0]
 [ 0  0  4  0  2]
 [12  0  0  0 14]
 [ 3  0  2  9  0]]
ofmpa psum[12][11]
[[ 2  4  3  2  0]
 [ 2  6  3 25  0]
 [ 0  0  0  1  0]
 [ 0  0  0  0  7]
 [ 0  0  1  9  0]]
ofmpa psum[12][12]
[[ 4  2  6  1  0]
 [ 2  9  5 15  0]
 [ 4  0  4  0  4]
 [ 8  0  0  0 14]
 [ 2  0  1 18  0]]
ofmpa psum[12][13]
[[ 2  4  3  3  0]
 [ 3 15  3  5  0]
 [ 0  0  0  2  2]
 [ 4  0  0  0  7]
 [ 1  0  2  9  0]]
ofmpa psum[12][14]
[[ 4  2  9  5  0]
 [ 5  9  1 15  0]
 [ 4  0  8  1  0]
 [ 8  0  0  0  7]
 [ 1  0  1 27  0]]
ofmpa psum[12][15]
[[ 2  6 15  3  0]
 [ 3  3  3 25  0]
 [ 0  0  4  0  4]
 [ 4  0  0  0  7]
 [ 2  0  3 45  0]]
ofmpa psum[12][16]
[[ 6 10  9  1  0]
 [ 1  9  5 15  0]
 [ 8  0  0  2  2]
 [ 8  0  0  0  7]
 [ 1  0  5 27  0]]
ofmpa psum[12][17]
[[10  6  3  3  0]
 [ 3 15  3 15  0]
 [ 4  0  8  1  2]
 [ 4  0  0  0  7]
 [ 3  0  3  9  0]]
ofmpa psum[12][18]
[[ 6  2  9  5  0]
 [ 5  9  3 10  0]
 [ 0  0  4  1  0]
 [ 4  0  0  0  0]
 [ 5  0  1 27  0]]
ofmpa psum[12][19]
[[ 2  6 15  3  0]
 [ 3  9  2  0  0]
 [ 8  0  4  0  2]
 [ 4  0  0  0 21]
 [ 3  0  3 45  0]]
ofmpa psum[12][20]
[[ 6 10  9  1  0]
 [ 3  6  0  0  0]
 [ 4  0  0  1  2]
 [ 4  0  0  0 21]
 [ 1  0  5  9  0]]
ofmpa psum[12][21]
[[10  6  3  1  0]
 [ 2  0  0 10  0]
 [ 4  0  4  1 10]
 [ 4  0  0  0  0]
 [ 3  0  1  9  0]]
ofmpa psum[12][22]
[[6 2 3 2 0]
 [0 0 2 0 0]
 [0 0 4 5 4]
 [0 0 0 0 7]
 [5 0 1 9 0]]
ofmpa psum[12][23]
[[ 2  2  6  0  0]
 [ 0  6  0  0  0]
 [ 4  0 20  2  0]
 [12  0  0  0  7]
 [ 1  0  1  0  0]]
ofmpa psum[12][24]
[[ 2  4  0  0  0]
 [ 2  0  0  5  0]
 [ 4  0  8  0  2]
 [12  0  0  0  7]
 [ 1  0  0 27  0]]
ofmpa psum[12][25]
[[ 4  0  0  1  0]
 [ 0  0  1  5  0]
 [20  0  0  1  0]
 [ 0  0  0  0  7]
 [ 1  0  3  9  0]]
ofmpa psum[12][26]
[[ 0  0  3  2  0]
 [ 0  3  1  0  0]
 [ 8  0  4  0  6]
 [ 4  0  0  0 14]
 [ 0  0  1 45  0]]
ofmpa psum[12][27]
[[ 0  2  6  1  0]
 [ 1  3  0  5  0]
 [ 0  0  0  3  2]
 [ 4  0  0  0 21]
 [ 3  0  5 72  0]]
ofmpa psum[12][28]
[[ 2  4  3  0  0]
 [ 1  0  1  0  0]
 [ 4  0 12  1 10]
 [ 4  0  0  0 21]
 [ 1  0  8 27  0]]
ofmpa psum[12][29]
[[4 2 0 9 0]
 [0 3 0 0 0]
 [0 0 4 5 0]
 [4 0 0 0 0]
 [5 0 3 0 0]]
ofmpa psum[13][0]
[[ 0  4  6  0  0]
 [ 0  6  2  0  0]
 [ 0  0  4  3 10]
 [ 0  0  0  0  7]
 [ 1  0  3 72  0]]
ofmpa psum[13][1]
[[ 4  4  0  0  0]
 [ 2  6  0  0  0]
 [ 0  0 12  5  6]
 [ 4  0  0  0  0]
 [ 0  0  8 63  0]]
ofmpa psum[13][2]
[[ 4  0  0  2  0]
 [ 2  0  0 10  0]
 [ 4  0 20  3  2]
 [ 4  0  0  0 21]
 [ 3  0  7  0  0]]
ofmpa psum[13][3]
[[ 0  0  6  0  0]
 [ 0  0  2  0  0]
 [12  0 12  1  6]
 [ 4  0  0  0  7]
 [ 8  0  0 54  0]]
ofmpa psum[13][4]
[[ 0  4  0  0  0]
 [ 0  6  0  0  0]
 [20  0  4  3 10]
 [ 4  0  0  0 35]
 [ 7  0  6  0  0]]
ofmpa psum[13][5]
[[ 4  0  0  1  0]
 [ 2  0  0  5  0]
 [12  0 12  5  6]
 [ 0  0  0  0 56]
 [ 0  0  0  9  0]]
ofmpa psum[13][6]
[[ 0  0  3  1  0]
 [ 0  0  1  5  0]
 [ 4  0 20  3  6]
 [12  0  0  0 21]
 [ 6  0  1 27  0]]
ofmpa psum[13][7]
[[ 0  2  3  0  0]
 [ 0  3  1  0  0]
 [12  0 12  3  0]
 [ 4  0  0  0  0]
 [ 0  0  3  0  0]]
ofmpa psum[13][8]
[[ 2  2  0  2  0]
 [ 1  3  0  0  0]
 [20  0 12  0  4]
 [20  0  0  0 14]
 [ 1  0  0  9  0]]
ofmpa psum[13][9]
[[ 2  0  6  2  0]
 [ 1  0  0  5  0]
 [12  0  0  2  2]
 [32  0  0  0  7]
 [ 3  0  1  0  0]]
ofmpa psum[13][10]
[[ 0  4  6  3  0]
 [ 0  0  1  0  0]
 [12  0  8  1  4]
 [12  0  0  0  7]
 [ 0  0  0 27  0]]
ofmpa psum[13][11]
[[ 4  4  9  5  0]
 [ 0  3  0  5  0]
 [ 0  0  4  2  2]
 [ 0  0  0  0 14]
 [ 1  0  3 72  0]]
ofmpa psum[13][12]
[[ 4  6 15  3  0]
 [ 1  0  1  0  0]
 [ 8  0  8  1  4]
 [ 8  0  0  0  7]
 [ 0  0  8 63  0]]
ofmpa psum[13][13]
[[ 6 10  9  1  0]
 [ 0  3  0 10  0]
 [ 4  0  4  2  2]
 [ 4  0  0  0 21]
 [ 3  0  7  0  0]]
ofmpa psum[13][14]
[[10  6  3  3  0]
 [ 1  0  2  5  0]
 [ 8  0  8  1  2]
 [ 4  0  0  0 35]
 [ 8  0  0  0  0]]
ofmpa psum[13][15]
[[ 6  2  9  5  0]
 [ 0  6  1  0  0]
 [ 4  0  4  1  2]
 [ 8  0  0  0 21]
 [ 7  0  0  9  0]]
ofmpa psum[13][16]
[[ 2  6 15  3  0]
 [ 2  3  0 10  0]
 [ 8  0  4  1  2]
 [ 4  0  0  0  7]
 [ 0  0  1  0  0]]
ofmpa psum[13][17]
[[ 6 10  9  3  0]
 [ 1  0  2  5  0]
 [ 4  0  4  1  2]
 [12  0  0  0 21]
 [ 0  0  0 18  0]]
ofmpa psum[13][18]
[[10  6  9  2  0]
 [ 0  6  1  5  0]
 [ 4  0  4  1  0]
 [20  0  0  0 35]
 [ 1  0  2  9  0]]
ofmpa psum[13][19]
[[ 6  6  6  0  0]
 [ 2  3  1  0  0]
 [ 4  0  4  0  6]
 [12  0  0  0  7]
 [ 0  0  1  0  0]]
ofmpa psum[13][20]
[[ 6  4  0  0  0]
 [ 1  3  0  5  0]
 [ 4  0  0  3  6]
 [ 4  0  0  0  7]
 [ 2  0  0 18  0]]
ofmpa psum[13][21]
[[ 4  0  0  2  0]
 [ 1  0  1  5  0]
 [ 4  0 12  3  0]
 [12  0  0  0  7]
 [ 1  0  2  9  0]]
ofmpa psum[13][22]
[[ 0  0  6  0  0]
 [ 0  3  1 25  0]
 [ 0  0 12  0  2]
 [20  0  0  0  0]
 [ 0  0  1  9  0]]
ofmpa psum[13][23]
[[ 0  4  0  0  0]
 [ 1  3  5 10  0]
 [12  0  0  1  2]
 [ 4  0  0  0 21]
 [ 2  0  1  0  0]]
ofmpa psum[13][24]
[[ 4  0  0  1  0]
 [ 1 15  2  0  0]
 [12  0  4  1  2]
 [ 4  0  0  0  7]
 [ 1  0  0  0  0]]
ofmpa psum[13][25]
[[ 0  0  3  1  0]
 [ 5  6  0  5  0]
 [ 0  0  4  1  2]
 [ 4  0  0  0 35]
 [ 1  0  0  9  0]]
ofmpa psum[13][26]
[[ 0  2  3  0  0]
 [ 2  0  1  0  0]
 [ 4  0  4  1  4]
 [ 0  0  0  0 56]
 [ 0  0  1 27  0]]
ofmpa psum[13][27]
[[ 2  2  0  1  0]
 [ 0  3  0 15  0]
 [ 4  0  4  2  6]
 [12  0  0  0 21]
 [ 0  0  3 45  0]]
ofmpa psum[13][28]
[[ 2  0  3  0  0]
 [ 1  0  3  5  0]
 [ 4  0  8  3  6]
 [ 4  0  0  0  0]
 [ 1  0  5 36  0]]
ofmpa psum[13][29]
[[ 0  2  0  0  0]
 [ 0  9  1 25  0]
 [ 4  0 12  3  0]
 [20  0  0  0  0]
 [ 3  0  4 27  0]]
ofmpa psum[14][0]
[[ 0  4  6  0  0]
 [ 0  0  1 15  0]
 [ 0  0  4  1  2]
 [ 4  0  0  0 49]
 [ 0  0  1  0  0]]
ofmpa psum[14][1]
[[ 4  4  0  0  0]
 [ 0  3  3 25  0]
 [ 4  0  4  1  0]
 [ 0  0  0  0  0]
 [ 2  0  0  9  0]]
ofmpa psum[14][2]
[[ 4  0  0  2  0]
 [ 1  9  5 15  0]
 [ 4  0  4  0  6]
 [12  0  0  0 42]
 [ 1  0  1  0  0]]
ofmpa psum[14][3]
[[ 0  0  6  0  0]
 [ 3 15  3  5  0]
 [ 4  0  0  3  2]
 [32  0  0  0  0]
 [ 0  0  0 18  0]]
ofmpa psum[14][4]
[[ 0  4  0  0  0]
 [ 5  9  1 15  0]
 [ 4  0 12  1 10]
 [28  0  0  0  7]
 [ 1  0  2  9  0]]
ofmpa psum[14][5]
[[ 4  0  0  1  0]
 [ 3  3  3 25  0]
 [ 0  0  4  5 16]
 [ 0  0  0  0 21]
 [ 0  0  1  0  0]]
ofmpa psum[14][6]
[[ 0  0  3  1  0]
 [ 1  9  5 15  0]
 [12  0 20  8  6]
 [24  0  0  0  0]
 [ 2  0  0 18  0]]
ofmpa psum[14][7]
[[ 0  2  3  0  0]
 [ 3 15  3 15  0]
 [ 4  0 32  3  0]
 [ 0  0  0  0  7]
 [ 1  0  2  9  0]]
ofmpa psum[14][8]
[[ 2  2  0  0  0]
 [ 5  9  3  0  0]
 [20  0 12  0  4]
 [ 4  0  0  0  0]
 [ 0  0  1 18  0]]
ofmpa psum[14][9]
[[ 2  0  0  1  0]
 [ 3  9  0 10  0]
 [32  0  0  2  2]
 [12  0  0  0 21]
 [ 2  0  2  9  0]]
ofmpa psum[14][10]
[[ 0  0  3  0  0]
 [ 3  0  2  5  0]
 [12  0  8  1  2]
 [ 0  0  0  0 56]
 [ 1  0  1  9  0]]
ofmpa psum[14][11]
[[ 0  2  0  1  0]
 [ 0  6  1 10  0]
 [ 0  0  4  1  4]
 [ 4  0  0  0 49]
 [ 2  0  1 18  0]]
ofmpa psum[14][12]
[[ 2  0  3  0  0]
 [ 2  3  2  5  0]
 [ 8  0  4  2  2]
 [ 0  0  0  0  0]
 [ 1  0  2 27  0]]
ofmpa psum[14][13]
[[ 0  2  0  2  0]
 [ 1  6  1 10  0]
 [ 4  0  8  1  6]
 [12  0  0  0  0]
 [ 1  0  3 18  0]]
ofmpa psum[14][14]
[[ 2  0  6  1  0]
 [ 2  3  2  5  0]
 [ 4  0  4  3 10]
 [32  0  0  0  7]
 [ 2  0  2  9  0]]
ofmpa psum[14][15]
[[ 0  4  3  0  0]
 [ 1  6  1  5  0]
 [ 8  0 12  5  6]
 [28  0  0  0  0]
 [ 3  0  1  0  0]]
ofmpa psum[14][16]
[[ 4  2  0  2  0]
 [ 2  3  1  5  0]
 [ 4  0 20  3  2]
 [ 0  0  0  0 14]
 [ 2  0  0  9  0]]
ofmpa psum[14][17]
[[ 2  0  6  1  0]
 [ 1  3  1  5  0]
 [12  0 12  1  6]
 [ 0  0  0  0  7]
 [ 1  0  1  0  0]]
ofmpa psum[14][18]
[[ 0  4  3  1  0]
 [ 1  3  1  5  0]
 [20  0  4  3 10]
 [ 4  0  0  0  0]
 [ 0  0  0 18  0]]
ofmpa psum[14][19]
[[ 4  2  3  0  0]
 [ 1  3  1  0  0]
 [12  0 12  5  2]
 [ 0  0  0  0 14]
 [ 1  0  2  9  0]]
ofmpa psum[14][20]
[[ 2  2  0  1  0]
 [ 1  3  0 15  0]
 [ 4  0 20  1  2]
 [ 8  0  0  0  7]
 [ 0  0  1  0  0]]
ofmpa psum[14][21]
[[ 2  0  3  1  0]
 [ 1  0  3 15  0]
 [12  0  4  1  2]
 [ 4  0  0  0  7]
 [ 2  0  0 18  0]]
ofmpa psum[14][22]
[[ 0  2  3  5  0]
 [ 0  9  3  0  0]
 [20  0  4  1  0]
 [ 0  0  0  0  0]
 [ 1  0  2 18  0]]
ofmpa psum[14][23]
[[ 2  2 15  2  0]
 [ 3  9  0  5  0]
 [ 4  0  4  0  6]
 [ 8  0  0  0  0]
 [ 0  0  2  9  0]]
ofmpa psum[14][24]
[[ 2 10  6  0  0]
 [ 3  0  1  5  0]
 [ 4  0  0  3  2]
 [ 4  0  0  0  7]
 [ 2  0  1  0  0]]
ofmpa psum[14][25]
[[10  4  0  1  0]
 [ 0  3  1  5  0]
 [ 4  0 12  1 10]
 [ 4  0  0  0 21]
 [ 2  0  0  9  0]]
ofmpa psum[14][26]
[[ 4  0  3  0  0]
 [ 1  3  1  5  0]
 [ 0  0  4  5 16]
 [ 0  0  0  0 35]
 [ 1  0  1 18  0]]
ofmpa psum[14][27]
[[ 0  2  0  3  0]
 [ 1  3  1 10  0]
 [12  0 20  8  6]
 [ 0  0  0  0 28]
 [ 0  0  2 45  0]]
ofmpa psum[14][28]
[[ 2  0  9  1  0]
 [ 1  3  2 15  0]
 [ 4  0 32  3  0]
 [ 4  0  0  0 21]
 [ 1  0  5 36  0]]
ofmpa psum[14][29]
[[ 0  6  3  5  0]
 [ 1  6  3 15  0]
 [20  0 12  0  0]
 [12  0  0  0  0]
 [ 2  0  4  0  0]]
ofmpa psum[15][0]
[[ 0  0  3  3  0]
 [ 0  3  1  5  0]
 [ 4  0 12  8 14]
 [ 0  0  0  0  7]
 [ 0  0  1  0  0]]
ofmpa psum[15][1]
[[ 0  2  9  5  0]
 [ 1  3  1  5  0]
 [ 0  0 32  7  0]
 [ 8  0  0  0  0]
 [ 2  0  0  9  0]]
ofmpa psum[15][2]
[[ 2  6 15  3  0]
 [ 1  3  1  0  0]
 [12  0 28  0 12]
 [ 4  0  0  0 14]
 [ 1  0  1  0  0]]
ofmpa psum[15][3]
[[ 6 10  9  1  0]
 [ 1  3  0 15  0]
 [32  0  0  6  0]
 [ 0  0  0  0  7]
 [ 0  0  0 18  0]]
ofmpa psum[15][4]
[[10  6  3  3  0]
 [ 1  0  3  5  0]
 [28  0 24  0  2]
 [ 4  0  0  0  0]
 [ 1  0  2  9  0]]
ofmpa psum[15][5]
[[ 6  2  9  5  0]
 [ 0  9  1 25  0]
 [ 0  0  0  1  6]
 [ 0  0  0  0 14]
 [ 0  0  1  0  0]]
ofmpa psum[15][6]
[[ 2  6 15  3  0]
 [ 3  3  5 40  0]
 [24  0  4  3  0]
 [ 8  0  0  0  7]
 [ 2  0  0 18  0]]
ofmpa psum[15][7]
[[ 6 10  9  3  0]
 [ 1 15  8 15  0]
 [ 0  0 12  0  2]
 [ 4  0  0  0 14]
 [ 1  0  2  9  0]]
ofmpa psum[15][8]
[[10  6  9  0  0]
 [ 5 24  3  0  0]
 [ 4  0  0  1  0]
 [ 0  0  0  0  7]
 [ 0  0  1 18  0]]
ofmpa psum[15][9]
[[ 6  6  0  2  0]
 [ 8  9  0 10  0]
 [12  0  4  0  6]
 [ 8  0  0  0  7]
 [ 2  0  2  9  0]]
ofmpa psum[15][10]
[[ 6  0  6  1  0]
 [ 3  0  2  5  0]
 [ 0  0  0  3 16]
 [ 4  0  0  0 14]
 [ 1  0  1  9  0]]
ofmpa psum[15][11]
[[ 0  4  3  2  0]
 [ 0  6  1  5  0]
 [ 4  0 12  8 14]
 [ 8  0  0  0 21]
 [ 2  0  1  0  0]]
ofmpa psum[15][12]
[[ 4  2  6  1  0]
 [ 2  3  1 10  0]
 [ 0  0 32  7  0]
 [ 4  0  0  0 14]
 [ 1  0  0  9  0]]
ofmpa psum[15][13]
[[ 2  4  3  2  0]
 [ 1  3  2  5  0]
 [12  0 28  0  0]
 [ 4  0  0  0  7]
 [ 1  0  1  9  0]]
ofmpa psum[15][14]
[[ 4  2  6  1  0]
 [ 1  6  1 15  0]
 [32  0  0  0  2]
 [ 8  0  0  0  0]
 [ 0  0  1  9  0]]
ofmpa psum[15][15]
[[ 2  4  3  1  0]
 [ 2  3  3 25  0]
 [28  0  0  1  0]
 [12  0  0  0  7]
 [ 1  0  1  9  0]]
ofmpa psum[15][16]
[[ 4  2  3  1  0]
 [ 1  9  5 15  0]
 [ 0  0  4  0  4]
 [ 8  0  0  0  0]
 [ 1  0  1  0  0]]
ofmpa psum[15][17]
[[ 2  2  3  1  0]
 [ 3 15  3  5  0]
 [ 0  0  0  2  2]
 [ 4  0  0  0 14]
 [ 1  0  0  9  0]]
ofmpa psum[15][18]
[[ 2  2  3  1  0]
 [ 5  9  1 15  0]
 [ 4  0  8  1  0]
 [ 0  0  0  0  7]
 [ 1  0  1  9  0]]
ofmpa psum[15][19]
[[ 2  2  3  0  0]
 [ 3  3  3 25  0]
 [ 0  0  4  0  4]
 [ 4  0  0  0  0]
 [ 0  0  1  9  0]]
ofmpa psum[15][20]
[[ 2  2  0  3  0]
 [ 1  9  5  5  0]
 [ 8  0  0  2  2]
 [ 0  0  0  0 14]
 [ 1  0  1  9  0]]
ofmpa psum[15][21]
[[ 2  0  9  3  0]
 [ 3 15  1  5  0]
 [ 4  0  8  1  2]
 [ 8  0  0  0 14]
 [ 1  0  1 18  0]]
ofmpa psum[15][22]
[[0 6 9 0 0]
 [5 3 1 5 0]
 [0 0 4 1 0]
 [4 0 0 0 7]
 [1 0 2 0 0]]
ofmpa psum[15][23]
[[6 6 0 1 0]
 [1 3 1 0 0]
 [8 0 4 0 0]
 [0 0 0 0 0]
 [1 0 0 0 0]]
ofmpa psum[15][24]
[[ 6  0  3  1  0]
 [ 1  3  0 15  0]
 [ 4  0  0  0  2]
 [ 8  0  0  0  7]
 [ 2  0  0 18  0]]
ofmpa psum[15][25]
[[ 0  2  3  1  0]
 [ 1  0  3  5  0]
 [ 4  0  0  1  6]
 [ 8  0  0  0 14]
 [ 0  0  2  0  0]]
ofmpa psum[15][26]
[[ 2  2  3  1  0]
 [ 0  9  1 25  0]
 [ 0  0  4  3 10]
 [ 4  0  0  0 35]
 [ 0  0  0  0  0]]
ofmpa psum[15][27]
[[ 2  2  3  2  0]
 [ 3  3  5 40  0]
 [ 0  0 12  5  8]
 [ 0  0  0  0 28]
 [ 2  0  0  9  0]]
ofmpa psum[15][28]
[[ 2  2  6  3  0]
 [ 1 15  8 15  0]
 [ 4  0 20  4  6]
 [ 4  0  0  0  0]
 [ 0  0  1  9  0]]
ofmpa psum[15][29]
[[ 2  4  9  3  0]
 [ 5 24  3  0  0]
 [12  0 16  3  0]
 [ 8  0  0  0  0]
 [ 0  0  1  0  0]]
ofmpa psum[16][0]
[[ 0  2  3  1  0]
 [ 1  0  3 40  0]
 [ 0  0  4  0  2]
 [ 0  0  0  0  7]
 [ 0  0  0  9  0]]
ofmpa psum[16][1]
[[ 2  2  3  1  0]
 [ 0  9  8 35  0]
 [ 8  0  0  1  0]
 [ 8  0  0  0  0]
 [ 6  0  1 27  0]]
ofmpa psum[16][2]
[[ 2  2  3  0  0]
 [ 3 24  7  0  0]
 [ 4  0  4  0  4]
 [ 4  0  0  0 14]
 [ 0  0  3 45  0]]
ofmpa psum[16][3]
[[ 2  2  0  3  0]
 [ 8 21  0 30  0]
 [ 0  0  0  2  2]
 [ 0  0  0  0  7]
 [ 1  0  5 27  0]]
ofmpa psum[16][4]
[[2 0 9 1 0]
 [7 0 6 0 0]
 [4 0 8 1 0]
 [4 0 0 0 0]
 [3 0 3 9 0]]
ofmpa psum[16][5]
[[ 0  6  3  5  0]
 [ 0 18  0  5  0]
 [ 0  0  4  0  4]
 [ 0  0  0  0 14]
 [ 5  0  1 27  0]]
ofmpa psum[16][6]
[[ 6  2 15  8  0]
 [ 6  0  1 15  0]
 [ 8  0  0  2  2]
 [ 8  0  0  0  7]
 [ 3  0  3 45  0]]
ofmpa psum[16][7]
[[ 2 10 24  3  0]
 [ 0  3  3  0  0]
 [ 4  0  8  1  4]
 [ 4  0  0  0 14]
 [ 1  0  5 27  0]]
ofmpa psum[16][8]
[[10 16  9  0  0]
 [ 1  9  0  5  0]
 [ 0  0  4  2  2]
 [ 0  0  0  0  7]
 [ 3  0  3  0  0]]
ofmpa psum[16][9]
[[16  6  0  2  0]
 [ 3  0  1  0  0]
 [ 8  0  8  1  2]
 [ 8  0  0  0  7]
 [ 5  0  0 54  0]]
ofmpa psum[16][10]
[[ 6  0  6  1  0]
 [ 0  3  0 15  0]
 [ 4  0  4  1  4]
 [ 4  0  0  0  0]
 [ 3  0  6  0  0]]
ofmpa psum[16][11]
[[ 0  4  3  1  0]
 [ 1  0  3 40  0]
 [ 8  0  4  2  6]
 [ 8  0  0  0  7]
 [ 0  0  0  9  0]]
ofmpa psum[16][12]
[[ 4  2  3  2  0]
 [ 0  9  8 35  0]
 [ 4  0  8  3  4]
 [ 4  0  0  0  7]
 [ 6  0  1 27  0]]
ofmpa psum[16][13]
[[ 2  2  6  1  0]
 [ 3 24  7  0  0]
 [ 4  0 12  2  2]
 [ 4  0  0  0  7]
 [ 0  0  3 45  0]]
ofmpa psum[16][14]
[[ 2  4  3  3  0]
 [ 8 21  0  0  0]
 [ 8  0  8  1  0]
 [ 0  0  0  0  7]
 [ 1  0  5 27  0]]
ofmpa psum[16][15]
[[ 4  2  9  5  0]
 [ 7  0  0  5  0]
 [12  0  4  0  2]
 [ 4  0  0  0  0]
 [ 3  0  3  9  0]]
ofmpa psum[16][16]
[[ 2  6 15  3  0]
 [ 0  0  1  0  0]
 [ 8  0  0  1  0]
 [ 4  0  0  0  7]
 [ 5  0  1 27  0]]
ofmpa psum[16][17]
[[ 6 10  9  1  0]
 [ 0  3  0 10  0]
 [ 4  0  4  0  4]
 [ 4  0  0  0  7]
 [ 3  0  3 45  0]]
ofmpa psum[16][18]
[[10  6  3  3  0]
 [ 1  0  2  5  0]
 [ 0  0  0  2  2]
 [ 4  0  0  0  7]
 [ 1  0  5 27  0]]
ofmpa psum[16][19]
[[6 2 9 5 0]
 [0 6 1 0 0]
 [4 0 8 1 0]
 [0 0 0 0 7]
 [3 0 3 9 0]]
ofmpa psum[16][20]
[[ 2  6 15  1  0]
 [ 2  3  0 10  0]
 [ 0  0  4  0  4]
 [ 4  0  0  0 14]
 [ 5  0  1  9  0]]
ofmpa psum[16][21]
[[ 6 10  3  1  0]
 [ 1  0  2  5  0]
 [ 8  0  0  2  4]
 [ 4  0  0  0  0]
 [ 3  0  1  9  0]]
ofmpa psum[16][22]
[[10  2  3  1  0]
 [ 0  6  1  5  0]
 [ 4  0  8  2  2]
 [ 4  0  0  0  0]
 [ 1  0  1  9  0]]
ofmpa psum[16][23]
[[ 2  2  3  0  0]
 [ 2  3  1  0  0]
 [ 0  0  8  1  0]
 [ 4  0  0  0 14]
 [ 1  0  1  9  0]]
ofmpa psum[16][24]
[[2 2 0 3 0]
 [1 3 0 0 0]
 [8 0 4 0 2]
 [8 0 0 0 0]
 [1 0 1 0 0]]
ofmpa psum[16][25]
[[ 2  0  9  1  0]
 [ 1  0  0  5  0]
 [ 8  0  0  1  4]
 [ 0  0  0  0  0]
 [ 1  0  0 27  0]]
ofmpa psum[16][26]
[[ 0  6  3  5  0]
 [ 0  0  1 15  0]
 [ 4  0  4  2 10]
 [ 0  0  0  0  7]
 [ 1  0  3 18  0]]
ofmpa psum[16][27]
[[ 6  2 15  8  0]
 [ 0  3  3 25  0]
 [ 0  0  8  5  8]
 [ 8  0  0  0  7]
 [ 0  0  2  9  0]]
ofmpa psum[16][28]
[[ 2 10 24  3  0]
 [ 1  9  5 20  0]
 [ 4  0 20  4  0]
 [ 0  0  0  0  0]
 [ 3  0  1  9  0]]
ofmpa psum[16][29]
[[10 16  9  0  0]
 [ 3 15  4 15  0]
 [ 8  0 16  0  0]
 [ 0  0  0  0  0]
 [ 2  0  1  9  0]]
ofmpa psum[17][0]
[[ 2  0  9  8  0]
 [ 0  6  1  0  0]
 [ 0  0  4  0  2]
 [ 0  0  0  0 21]
 [ 0  0  1  0  0]]
ofmpa psum[17][1]
[[ 0  6 24  7  0]
 [ 2  3  0  5  0]
 [ 8  0  0  1  0]
 [24  0  0  0 35]
 [ 2  0  0  0  0]]
ofmpa psum[17][2]
[[ 6 16 21  0  0]
 [ 1  0  1  0  0]
 [ 4  0  4  0  4]
 [ 0  0  0  0 21]
 [ 1  0  0  9  0]]
ofmpa psum[17][3]
[[16 14  0  6  0]
 [ 0  3  0 10  0]
 [ 0  0  0  2  2]
 [ 4  0  0  0  7]
 [ 0  0  1  0  0]]
ofmpa psum[17][4]
[[14  0 18  0  0]
 [ 1  0  2  5  0]
 [ 4  0  8  1  0]
 [12  0  0  0 21]
 [ 0  0  0 18  0]]
ofmpa psum[17][5]
[[ 0 12  0  1  0]
 [ 0  6  1  0  0]
 [ 0  0  4  0  4]
 [20  0  0  0 35]
 [ 1  0  2  9  0]]
ofmpa psum[17][6]
[[12  0  3  3  0]
 [ 2  3  0 10  0]
 [ 8  0  0  2  2]
 [12  0  0  0 21]
 [ 0  0  1  0  0]]
ofmpa psum[17][7]
[[ 0  2  9  0  0]
 [ 1  0  2  5  0]
 [ 4  0  8  1  4]
 [ 4  0  0  0  0]
 [ 2  0  0 18  0]]
ofmpa psum[17][8]
[[ 2  6  0  1  0]
 [ 0  6  1 10  0]
 [ 0  0  4  2  2]
 [12  0  0  0 42]
 [ 1  0  2  9  0]]
ofmpa psum[17][9]
[[ 6  0  3  0  0]
 [ 2  3  2  5  0]
 [ 8  0  8  1  2]
 [20  0  0  0  0]
 [ 0  0  1 18  0]]
ofmpa psum[17][10]
[[ 0  2  0  3  0]
 [ 1  6  1  5  0]
 [ 4  0  4  1  0]
 [12  0  0  0  7]
 [ 2  0  2  9  0]]
ofmpa psum[17][11]
[[ 2  0  9  8  0]
 [ 2  3  1 10  0]
 [ 8  0  4  0  2]
 [ 0  0  0  0 21]
 [ 1  0  1 18  0]]
ofmpa psum[17][12]
[[ 0  6 24  7  0]
 [ 1  3  2 15  0]
 [ 4  0  0  1  2]
 [24  0  0  0 35]
 [ 2  0  2  9  0]]
ofmpa psum[17][13]
[[ 6 16 21  0  0]
 [ 1  6  3 10  0]
 [ 4  0  4  1  2]
 [ 0  0  0  0 21]
 [ 1  0  1  9  0]]
ofmpa psum[17][14]
[[16 14  0  0  0]
 [ 2  9  2  5  0]
 [ 0  0  4  1  2]
 [ 4  0  0  0  7]
 [ 2  0  1 18  0]]
ofmpa psum[17][15]
[[14  0  0  1  0]
 [ 3  6  1  0  0]
 [ 4  0  4  1  0]
 [12  0  0  0 21]
 [ 1  0  2 27  0]]
ofmpa psum[17][16]
[[ 0  0  3  0  0]
 [ 2  3  0  5  0]
 [ 4  0  4  0  2]
 [20  0  0  0 35]
 [ 1  0  3 18  0]]
ofmpa psum[17][17]
[[ 0  2  0  2  0]
 [ 1  0  1  0  0]
 [ 4  0  0  1  2]
 [12  0  0  0 21]
 [ 2  0  2  9  0]]
ofmpa psum[17][18]
[[ 2  0  6  1  0]
 [ 0  3  0 10  0]
 [ 4  0  4  1  2]
 [ 4  0  0  0  7]
 [ 3  0  1  0  0]]
ofmpa psum[17][19]
[[ 0  4  3  0  0]
 [ 1  0  2  5  0]
 [ 0  0  4  1  2]
 [12  0  0  0  7]
 [ 2  0  0  9  0]]
ofmpa psum[17][20]
[[ 4  2  0  2  0]
 [ 0  6  1  0  0]
 [ 4  0  4  1  4]
 [20  0  0  0  7]
 [ 1  0  1  0  0]]
ofmpa psum[17][21]
[[ 2  0  6  1  0]
 [ 2  3  0 10  0]
 [ 4  0  4  2  0]
 [12  0  0  0  7]
 [ 0  0  0 18  0]]
ofmpa psum[17][22]
[[ 0  4  3  1  0]
 [ 1  0  2 10  0]
 [ 4  0  8  0  0]
 [ 4  0  0  0  7]
 [ 1  0  2  9  0]]
ofmpa psum[17][23]
[[4 2 3 0 0]
 [0 6 2 5 0]
 [4 0 0 0 4]
 [4 0 0 0 0]
 [0 0 1 0 0]]
ofmpa psum[17][24]
[[ 2  2  0  0  0]
 [ 2  6  1  0  0]
 [ 8  0  0  2  0]
 [ 4  0  0  0 21]
 [ 2  0  0  0  0]]
ofmpa psum[17][25]
[[ 2  0  0  1  0]
 [ 2  3  0  5  0]
 [ 0  0  8  0  0]
 [ 4  0  0  0 14]
 [ 1  0  0  9  0]]
ofmpa psum[17][26]
[[ 0  0  3  3  0]
 [ 1  0  1 10  0]
 [ 0  0  0  0  2]
 [ 4  0  0  0  7]
 [ 0  0  1 18  0]]
ofmpa psum[17][27]
[[ 0  2  9  5  0]
 [ 0  3  2 25  0]
 [ 8  0  0  1  2]
 [ 0  0  0  0  7]
 [ 0  0  2  9  0]]
ofmpa psum[17][28]
[[ 2  6 15  4  0]
 [ 1  6  5 20  0]
 [ 0  0  4  1  0]
 [12  0  0  0  7]
 [ 1  0  1 81  0]]
ofmpa psum[17][29]
[[ 6 10 12  3  0]
 [ 2 15  4  0  0]
 [ 0  0  4  0  0]
 [ 8  0  0  0  0]
 [ 2  0  9 72  0]]
ofmpa psum[18][0]
[[ 0  4  3  0  0]
 [ 0  6  1  0  0]
 [ 0  0  0  1  6]
 [ 0  0  0  0  0]
 [ 1  0  8 27  0]]
ofmpa psum[18][1]
[[ 4  2  0  1  0]
 [ 2  3  0  5  0]
 [24  0  4  3 10]
 [ 8  0  0  0  7]
 [ 5  0  3  0  0]]
ofmpa psum[18][2]
[[ 2  0  3  0  0]
 [ 1  0  1  0  0]
 [ 0  0 12  5  6]
 [ 4  0  0  0  0]
 [ 8  0  0  9  0]]
ofmpa psum[18][3]
[[ 0  2  0  2  0]
 [ 0  3  0 10  0]
 [ 4  0 20  3  2]
 [ 0  0  0  0 14]
 [ 3  0  1  9  0]]
ofmpa psum[18][4]
[[ 2  0  6  1  0]
 [ 1  0  2  5  0]
 [12  0 12  1  6]
 [ 0  0  0  0  7]
 [ 0  0  1  9  0]]
ofmpa psum[18][5]
[[ 0  4  3  0  0]
 [ 0  6  1  0  0]
 [20  0  4  3 10]
 [ 4  0  0  0  0]
 [ 1  0  1  9  0]]
ofmpa psum[18][6]
[[ 4  2  0  2  0]
 [ 2  3  0 10  0]
 [12  0 12  5  6]
 [ 0  0  0  0 14]
 [ 1  0  1  0  0]]
ofmpa psum[18][7]
[[ 2  0  6  1  0]
 [ 1  0  2  5  0]
 [ 4  0 20  3  0]
 [ 8  0  0  0  7]
 [ 1  0  0 27  0]]
ofmpa psum[18][8]
[[ 0  4  3  2  0]
 [ 0  6  1 10  0]
 [12  0 12  0 12]
 [ 4  0  0  0 14]
 [ 1  0  3  9  0]]
ofmpa psum[18][9]
[[ 4  2  6  1  0]
 [ 2  3  2  5  0]
 [20  0  0  6  0]
 [ 0  0  0  0  7]
 [ 0  0  1 45  0]]
ofmpa psum[18][10]
[[ 2  4  3  1  0]
 [ 1  6  1  5  0]
 [12  0 24  0  2]
 [ 8  0  0  0 14]
 [ 3  0  5  9  0]]
ofmpa psum[18][11]
[[ 4  2  3  2  0]
 [ 2  3  1  0  0]
 [ 0  0  0  1  6]
 [ 4  0  0  0  7]
 [ 1  0  1 45  0]]
ofmpa psum[18][12]
[[ 2  2  6  3  0]
 [ 1  3  0  5  0]
 [24  0  4  3 10]
 [ 8  0  0  0  7]
 [ 5  0  5 72  0]]
ofmpa psum[18][13]
[[ 2  4  9  2  0]
 [ 1  0  1  5  0]
 [ 0  0 12  5  6]
 [ 4  0  0  0 14]
 [ 1  0  8  9  0]]
ofmpa psum[18][14]
[[ 4  6  6  1  0]
 [ 0  3  1  5  0]
 [ 4  0 20  3  2]
 [ 8  0  0  0 21]
 [ 5  0  1 27  0]]
ofmpa psum[18][15]
[[ 6  4  3  0  0]
 [ 1  3  1  5  0]
 [12  0 12  1  6]
 [ 4  0  0  0 14]
 [ 8  0  3 45  0]]
ofmpa psum[18][16]
[[ 4  2  0  1  0]
 [ 1  3  1  0  0]
 [20  0  4  3 10]
 [ 4  0  0  0  7]
 [ 1  0  5 27  0]]
ofmpa psum[18][17]
[[ 2  0  3  0  0]
 [ 1  3  0  5  0]
 [12  0 12  5  6]
 [ 8  0  0  0  0]
 [ 3  0  3  9  0]]
ofmpa psum[18][18]
[[ 0  2  0  2  0]
 [ 1  0  1  5  0]
 [ 4  0 20  3  2]
 [12  0  0  0  7]
 [ 5  0  1 27  0]]
ofmpa psum[18][19]
[[ 2  0  6  1  0]
 [ 0  3  1  5  0]
 [12  0 12  1  2]
 [ 8  0  0  0  0]
 [ 3  0  3 63  0]]
ofmpa psum[18][20]
[[ 0  4  3  0  0]
 [ 1  3  1  5  0]
 [20  0  4  1  2]
 [ 4  0  0  0 14]
 [ 1  0  7 54  0]]
ofmpa psum[18][21]
[[ 4  2  0  2  0]
 [ 1  3  1 10  0]
 [12  0  4  1  2]
 [ 0  0  0  0  7]
 [ 3  0  6 18  0]]
ofmpa psum[18][22]
[[ 2  0  6  2  0]
 [ 1  3  2  0  0]
 [ 4  0  4  1  2]
 [ 4  0  0  0  0]
 [ 7  0  2 27  0]]
ofmpa psum[18][23]
[[0 4 6 1 0]
 [1 6 0 0 0]
 [4 0 4 1 0]
 [0 0 0 0 0]
 [6 0 3 0 0]]
ofmpa psum[18][24]
[[ 4  4  3  0  0]
 [ 2  0  0 10  0]
 [ 4  0  4  0  6]
 [ 8  0  0  0  7]
 [ 2  0  0  9  0]]
ofmpa psum[18][25]
[[ 4  2  0  1  0]
 [ 0  0  2  0  0]
 [ 4  0  0  3  4]
 [ 4  0  0  0 14]
 [ 3  0  1  9  0]]
ofmpa psum[18][26]
[[ 2  0  3  2  0]
 [ 0  6  0  0  0]
 [ 4  0 12  2  2]
 [ 0  0  0  0  7]
 [ 0  0  1  9  0]]
ofmpa psum[18][27]
[[ 0  2  6  5  0]
 [ 2  0  0  5  0]
 [ 0  0  8  1  2]
 [ 0  0  0  0 63]
 [ 1  0  1  0  0]]
ofmpa psum[18][28]
[[ 2  4 15  4  0]
 [ 0  0  1  5  0]
 [12  0  4  1  2]
 [ 4  0  0  0 56]
 [ 1  0  0 27  0]]
ofmpa psum[18][29]
[[ 4 10 12  0  0]
 [ 0  3  1  0  0]
 [ 8  0  4  1  0]
 [ 8  0  0  0  0]
 [ 1  0  3  9  0]]
ofmpa psum[19][0]
[[ 0  4  3  0  0]
 [ 0 18  0  5  0]
 [ 0  0  4  0  0]
 [ 4  0  0  0  0]
 [ 1  0  8 27  0]]
ofmpa psum[19][1]
[[ 4  2  0  1  0]
 [ 6  0  1 15  0]
 [ 8  0  0  0  2]
 [20  0  0  0  7]
 [ 5  0  3  0  0]]
ofmpa psum[19][2]
[[ 2  0  3  0  0]
 [ 0  3  3 25  0]
 [ 4  0  0  1  0]
 [32  0  0  0  7]
 [ 8  0  0  9  0]]
ofmpa psum[19][3]
[[ 0  2  0  2  0]
 [ 1  9  5 15  0]
 [ 0  0  4  0  4]
 [12  0  0  0  7]
 [ 3  0  1  9  0]]
ofmpa psum[19][4]
[[ 2  0  6  1  0]
 [ 3 15  3  5  0]
 [ 0  0  0  2  2]
 [ 0  0  0  0  7]
 [ 0  0  1  9  0]]
ofmpa psum[19][5]
[[ 0  4  3  0  0]
 [ 5  9  1 15  0]
 [ 4  0  8  1  0]
 [ 4  0  0  0  0]
 [ 1  0  1  9  0]]
ofmpa psum[19][6]
[[ 4  2  0  2  0]
 [ 3  3  3 25  0]
 [ 0  0  4  0  4]
 [ 4  0  0  0 21]
 [ 1  0  1  0  0]]
ofmpa psum[19][7]
[[ 2  0  6  1  0]
 [ 1  9  5 15  0]
 [ 8  0  0  2  2]
 [ 4  0  0  0  7]
 [ 1  0  0 27  0]]
ofmpa psum[19][8]
[[ 0  4  3  2  0]
 [ 3 15  3  0  0]
 [ 4  0  8  1  4]
 [ 4  0  0  0 35]
 [ 1  0  3  9  0]]
ofmpa psum[19][9]
[[ 4  2  6  1  0]
 [ 5  9  0 30  0]
 [ 0  0  4  2  2]
 [ 0  0  0  0  7]
 [ 0  0  1 45  0]]
ofmpa psum[19][10]
[[ 2  4  3  1  0]
 [ 3  0  6  0  0]
 [ 8  0  8  1  4]
 [12  0  0  0 35]
 [ 3  0  5  0  0]]
ofmpa psum[19][11]
[[ 4  2  3  0  0]
 [ 0 18  0  5  0]
 [ 4  0  4  2  2]
 [ 4  0  0  0 56]
 [ 1  0  0  9  0]]
ofmpa psum[19][12]
[[ 2  2  0  1  0]
 [ 6  0  1 15  0]
 [ 8  0  8  1  2]
 [20  0  0  0  7]
 [ 5  0  1  0  0]]
ofmpa psum[19][13]
[[ 2  0  3  1  0]
 [ 0  3  3 25  0]
 [ 4  0  4  1  4]
 [ 4  0  0  0 21]
 [ 0  0  0  9  0]]
ofmpa psum[19][14]
[[ 0  2  3  1  0]
 [ 1  9  5 15  0]
 [ 8  0  4  2  6]
 [20  0  0  0 35]
 [ 1  0  1 27  0]]
ofmpa psum[19][15]
[[ 2  2  3  1  0]
 [ 3 15  3  5  0]
 [ 4  0  8  3  4]
 [32  0  0  0 21]
 [ 0  0  3 45  0]]
ofmpa psum[19][16]
[[ 2  2  3  0  0]
 [ 5  9  1 15  0]
 [ 4  0 12  2  2]
 [ 4  0  0  0  7]
 [ 1  0  5 27  0]]
ofmpa psum[19][17]
[[ 2  2  0  1  0]
 [ 3  3  3 25  0]
 [ 8  0  8  1  0]
 [12  0  0  0 21]
 [ 3  0  3  9  0]]
ofmpa psum[19][18]
[[ 2  0  3  1  0]
 [ 1  9  5 15  0]
 [12  0  4  0  2]
 [20  0  0  0 49]
 [ 5  0  1 27  0]]
ofmpa psum[19][19]
[[ 0  2  3  1  0]
 [ 3 15  3  5  0]
 [ 8  0  0  1  0]
 [12  0  0  0 42]
 [ 3  0  3 45  0]]
ofmpa psum[19][20]
[[ 2  2  3  1  0]
 [ 5  9  1  5  0]
 [ 4  0  4  0  4]
 [ 4  0  0  0 14]
 [ 1  0  5 27  0]]
ofmpa psum[19][21]
[[ 2  2  3  2  0]
 [ 3  3  1  5  0]
 [ 0  0  0  2  2]
 [12  0  0  0 21]
 [ 3  0  3  9  0]]
ofmpa psum[19][22]
[[ 2  2  6  0  0]
 [ 1  3  1  5  0]
 [ 4  0  8  1  0]
 [28  0  0  0  0]
 [ 5  0  1  9  0]]
ofmpa psum[19][23]
[[ 2  4  0  0  0]
 [ 1  3  1  5  0]
 [ 0  0  4  0  0]
 [24  0  0  0  7]
 [ 3  0  1  9  0]]
ofmpa psum[19][24]
[[ 4  0  0  2  0]
 [ 1  3  1  0  0]
 [ 8  0  0  0  2]
 [ 8  0  0  0  7]
 [ 1  0  1 27  0]]
ofmpa psum[19][25]
[[ 0  0  6  0  0]
 [ 1  3  0 15  0]
 [ 4  0  0  1  4]
 [12  0  0  0  7]
 [ 1  0  3 45  0]]
ofmpa psum[19][26]
[[ 0  4  0  0  0]
 [ 1  0  3 10  0]
 [ 0  0  4  2  2]
 [ 0  0  0  0  0]
 [ 1  0  5 27  0]]
ofmpa psum[19][27]
[[ 4  0  0  1  0]
 [ 0  9  2  5  0]
 [ 0  0  8  1 18]
 [ 4  0  0  0 21]
 [ 3  0  3  9  0]]
ofmpa psum[19][28]
[[ 0  0  3  1  0]
 [ 3  6  1  5  0]
 [ 4  0  4  9 16]
 [ 4  0  0  0  7]
 [ 5  0  1 27  0]]
ofmpa psum[19][29]
[[ 0  2  3  0  0]
 [ 2  3  1  5  0]
 [ 8  0 36  8  0]
 [ 4  0  0  0  0]
 [ 3  0  3 45  0]]
ofmpa psum[20][0]
[[ 0 12  0  1  0]
 [ 0  6  1  0  0]
 [ 4  0 32  3  0]
 [ 4  0  0  0  0]
 [ 0  0  1  0  0]]
ofmpa psum[20][1]
[[12  0  3  3  0]
 [ 2  3  0  0  0]
 [20  0 12  0  2]
 [20  0  0  0  7]
 [ 1  0  0 18  0]]
ofmpa psum[20][2]
[[ 0  2  9  5  0]
 [ 1  0  0  5  0]
 [32  0  0  1  2]
 [32  0  0  0  7]
 [ 1  0  2 18  0]]
ofmpa psum[20][3]
[[ 2  6 15  3  0]
 [ 0  0  1  0  0]
 [12  0  4  1  2]
 [12  0  0  0  7]
 [ 0  0  2 27  0]]
ofmpa psum[20][4]
[[ 6 10  9  1  0]
 [ 0  3  0 10  0]
 [ 0  0  4  1  2]
 [ 0  0  0  0  7]
 [ 2  0  3 45  0]]
ofmpa psum[20][5]
[[10  6  3  3  0]
 [ 1  0  2  5  0]
 [ 4  0  4  1  0]
 [ 4  0  0  0  0]
 [ 2  0  5 27  0]]
ofmpa psum[20][6]
[[ 6  2  9  5  0]
 [ 0  6  1  0  0]
 [ 4  0  4  0  6]
 [ 4  0  0  0 21]
 [ 3  0  3  9  0]]
ofmpa psum[20][7]
[[ 2  6 15  3  0]
 [ 2  3  0 10  0]
 [ 4  0  0  3  2]
 [ 4  0  0  0  7]
 [ 5  0  1 27  0]]
ofmpa psum[20][8]
[[ 6 10  9  0  0]
 [ 1  0  2  5  0]
 [ 4  0 12  1 10]
 [ 4  0  0  0 35]
 [ 3  0  3 45  0]]
ofmpa psum[20][9]
[[10  6  0  6  0]
 [ 0  6  1 10  0]
 [ 0  0  4  5  2]
 [ 0  0  0  0  0]
 [ 1  0  5 27  0]]
ofmpa psum[20][10]
[[ 6  0 18  0  0]
 [ 2  3  2  5  0]
 [12  0 20  1 10]
 [12  0  0  0  7]
 [ 3  0  3 27  0]]
ofmpa psum[20][11]
[[ 0 12  0  1  0]
 [ 1  6  1 10  0]
 [ 4  0  4  5 16]
 [ 4  0  0  0  0]
 [ 5  0  3 18  0]]
ofmpa psum[20][12]
[[12  0  3  3  0]
 [ 2  3  2  5  0]
 [20  0 20  8  2]
 [20  0  0  0  7]
 [ 3  0  2  0  0]]
ofmpa psum[20][13]
[[ 0  2  9  5  0]
 [ 1  6  1  5  0]
 [ 4  0 32  1  6]
 [ 0  0  0  0 21]
 [ 3  0  0  0  0]]
ofmpa psum[20][14]
[[ 2  6 15  3  0]
 [ 2  3  1 10  0]
 [20  0  4  3 10]
 [ 4  0  0  0 35]
 [ 2  0  0 18  0]]
ofmpa psum[20][15]
[[ 6 10  9  1  0]
 [ 1  3  2 15  0]
 [32  0 12  5  6]
 [ 0  0  0  0 21]
 [ 0  0  2 18  0]]
ofmpa psum[20][16]
[[10  6  3  3  0]
 [ 1  6  3 10  0]
 [ 4  0 20  3  2]
 [ 4  0  0  0  7]
 [ 0  0  2  9  0]]
ofmpa psum[20][17]
[[ 6  2  9  5  0]
 [ 2  9  2  5  0]
 [12  0 12  1  6]
 [12  0  0  0 21]
 [ 2  0  1  9  0]]
ofmpa psum[20][18]
[[ 2  6 15  3  0]
 [ 3  6  1  0  0]
 [20  0  4  3 14]
 [20  0  0  0 35]
 [ 2  0  1  0  0]]
ofmpa psum[20][19]
[[ 6 10  9  1  0]
 [ 2  3  0  5  0]
 [12  0 12  7 12]
 [12  0  0  0 21]
 [ 1  0  0  9  0]]
ofmpa psum[20][20]
[[10  6  3  1  0]
 [ 1  0  1  0  0]
 [ 4  0 28  6  4]
 [ 4  0  0  0  7]
 [ 1  0  1  9  0]]
ofmpa psum[20][21]
[[ 6  2  3  1  0]
 [ 0  3  0 10  0]
 [12  0 24  2  6]
 [12  0  0  0  7]
 [ 0  0  1  9  0]]
ofmpa psum[20][22]
[[ 2  2  3  1  0]
 [ 1  0  2  5  0]
 [28  0  8  3  0]
 [20  0  0  0  7]
 [ 1  0  1  9  0]]
ofmpa psum[20][23]
[[ 2  2  3  1  0]
 [ 0  6  1  0  0]
 [24  0 12  0  2]
 [12  0  0  0 21]
 [ 1  0  1  0  0]]
ofmpa psum[20][24]
[[ 2  2  3  0  0]
 [ 2  3  0  0  0]
 [ 8  0  0  1  2]
 [ 4  0  0  0 35]
 [ 1  0  0  9  0]]
ofmpa psum[20][25]
[[ 2  2  0  3  0]
 [ 1  0  0  5  0]
 [12  0  4  1  2]
 [ 4  0  0  0 21]
 [ 1  0  1  0  0]]
ofmpa psum[20][26]
[[ 2  0  9  2  0]
 [ 0  0  1 10  0]
 [ 0  0  4  1  0]
 [ 4  0  0  0  7]
 [ 0  0  0 18  0]]
ofmpa psum[20][27]
[[ 0  6  6  1  0]
 [ 0  3  2  5  0]
 [ 4  0  4  0  6]
 [12  0  0  0 21]
 [ 1  0  2  0  0]]
ofmpa psum[20][28]
[[ 6  4  3  1  0]
 [ 1  6  1 45  0]
 [ 4  0  0  3  2]
 [20  0  0  0 35]
 [ 0  0  0  0  0]]
ofmpa psum[20][29]
[[ 4  2  3  1  0]
 [ 2  3  9 40  0]
 [ 4  0 12  1  0]
 [12  0  0  0  0]
 [ 2  0  0 18  0]]
ofmpa psum[21][0]
[[ 0  4  3  0  0]
 [ 1 15  8 15  0]
 [ 4  0 32  3  0]
 [ 0  0  0  0 14]
 [ 0  0  3 45  0]]
ofmpa psum[21][1]
[[ 4  2  0  0  0]
 [ 5 24  3  0  0]
 [20  0 12  0  2]
 [ 4  0  0  0 14]
 [ 1  0  5 27  0]]
ofmpa psum[21][2]
[[ 2  0  0  1  0]
 [ 8  9  0  5  0]
 [32  0  0  1  2]
 [ 4  0  0  0 21]
 [ 3  0  3  9  0]]
ofmpa psum[21][3]
[[ 0  0  3  0  0]
 [ 3  0  1  5  0]
 [12  0  4  1  2]
 [ 0  0  0  0 35]
 [ 5  0  1 27  0]]
ofmpa psum[21][4]
[[ 0  2  0  2  0]
 [ 0  3  1  5  0]
 [ 0  0  4  1  2]
 [ 8  0  0  0 21]
 [ 3  0  3 45  0]]
ofmpa psum[21][5]
[[2 0 6 1 0]
 [1 3 1 5 0]
 [4 0 4 1 0]
 [8 0 0 0 7]
 [1 0 5 9 0]]
ofmpa psum[21][6]
[[ 0  4  3  0  0]
 [ 1  3  1  0  0]
 [ 4  0  4  0  6]
 [12  0  0  0 21]
 [ 3  0  1  9  0]]
ofmpa psum[21][7]
[[ 4  2  0  2  0]
 [ 1  3  0 15  0]
 [ 4  0  0  3  2]
 [20  0  0  0 35]
 [ 5  0  1  9  0]]
ofmpa psum[21][8]
[[ 2  0  6  1  0]
 [ 1  0  3  5  0]
 [ 4  0 12  1 10]
 [12  0  0  0 21]
 [ 1  0  1  0  0]]
ofmpa psum[21][9]
[[ 0  4  3  2  0]
 [ 0  9  1 25  0]
 [ 0  0  4  5  0]
 [ 4  0  0  0 21]
 [ 1  0  0 27  0]]
ofmpa psum[21][10]
[[ 4  2  6  1  0]
 [ 3  3  5  5  0]
 [12  0 20  0  2]
 [12  0  0  0 14]
 [ 1  0  3  9  0]]
ofmpa psum[21][11]
[[ 2  4  3  2  0]
 [ 1 15  1 25  0]
 [ 4  0  0  1  0]
 [20  0  0  0  0]
 [ 0  0  1 45  0]]
ofmpa psum[21][12]
[[ 4  2  6  1  0]
 [ 5  3  5 40  0]
 [20  0  4  0  2]
 [12  0  0  0  0]
 [ 3  0  5  0  0]]
ofmpa psum[21][13]
[[ 2  4  3  1  0]
 [ 1 15  8  5  0]
 [ 0  0  0  1  6]
 [12  0  0  0 14]
 [ 1  0  0 18  0]]
ofmpa psum[21][14]
[[ 4  2  3  2  0]
 [ 5 24  1 15  0]
 [ 4  0  4  3 10]
 [ 8  0  0  0 14]
 [ 5  0  2  9  0]]
ofmpa psum[21][15]
[[ 2  2  6  3  0]
 [ 8  3  3 25  0]
 [ 0  0 12  5  6]
 [ 0  0  0  0  7]
 [ 0  0  1  9  0]]
ofmpa psum[21][16]
[[ 2  4  9  2  0]
 [ 1  9  5 15  0]
 [ 4  0 20  3  2]
 [ 0  0  0  0  7]
 [ 2  0  1 18  0]]
ofmpa psum[21][17]
[[ 4  6  6  1  0]
 [ 3 15  3  5  0]
 [12  0 12  1  6]
 [ 8  0  0  0  0]
 [ 1  0  2  9  0]]
ofmpa psum[21][18]
[[ 6  4  3  0  0]
 [ 5  9  1 15  0]
 [20  0  4  3 10]
 [ 8  0  0  0  7]
 [ 1  0  1 27  0]]
ofmpa psum[21][19]
[[ 4  2  0  1  0]
 [ 3  3  3 35  0]
 [12  0 12  5  6]
 [ 4  0  0  0  7]
 [ 2  0  3 45  0]]
ofmpa psum[21][20]
[[ 2  0  3  0  0]
 [ 1  9  7 30  0]
 [ 4  0 20  3  2]
 [ 4  0  0  0  7]
 [ 1  0  5 27  0]]
ofmpa psum[21][21]
[[ 0  2  0  2  0]
 [ 3 21  6 10  0]
 [12  0 12  1  2]
 [ 0  0  0  0  7]
 [ 3  0  3  9  0]]
ofmpa psum[21][22]
[[ 2  0  6  1  0]
 [ 7 18  2 15  0]
 [20  0  4  1  2]
 [ 4  0  0  0  0]
 [ 5  0  1 27  0]]
ofmpa psum[21][23]
[[ 0  4  3  0  0]
 [ 6  6  3  0  0]
 [12  0  4  1  6]
 [ 4  0  0  0  7]
 [ 3  0  3 45  0]]
ofmpa psum[21][24]
[[ 4  2  0  0  0]
 [ 2  9  0  5  0]
 [ 4  0  4  3 10]
 [ 4  0  0  0  0]
 [ 1  0  5  9  0]]
ofmpa psum[21][25]
[[ 2  0  0  1  0]
 [ 3  0  1  5  0]
 [ 4  0 12  5  6]
 [ 4  0  0  0 14]
 [ 3  0  1  9  0]]
ofmpa psum[21][26]
[[ 0  0  3  2  0]
 [ 0  3  1  5  0]
 [ 4  0 20  3  2]
 [ 0  0  0  0  0]
 [ 5  0  1  9  0]]
ofmpa psum[21][27]
[[ 0  2  6  1  0]
 [ 1  3  1  0  0]
 [12  0 12  1  6]
 [ 4  0  0  0  0]
 [ 1  0  1 18  0]]
ofmpa psum[21][28]
[[ 2  4  3  9  0]
 [ 1  3  0 15  0]
 [20  0  4  3 10]
 [ 0  0  0  0 14]
 [ 1  0  2 27  0]]
ofmpa psum[21][29]
[[ 4  2 27  8  0]
 [ 1  0  3  5  0]
 [12  0 12  5  0]
 [ 8  0  0  0  0]
 [ 1  0  3  9  0]]
ofmpa psum[22][0]
[[ 2 10 24  3  0]
 [ 1 15  8 15  0]
 [ 0  0  4  0  4]
 [ 0  0  0  0 21]
 [ 0  0  8 27  0]]
ofmpa psum[22][1]
[[10 16  9  0  0]
 [ 5 24  3  0  0]
 [ 4  0  0  2  4]
 [ 4  0  0  0  7]
 [ 5  0  3  0  0]]
ofmpa psum[22][2]
[[16  6  0  1  0]
 [ 8  9  0  5  0]
 [ 4  0  8  2  6]
 [12  0  0  0 21]
 [ 8  0  0 18  0]]
ofmpa psum[22][3]
[[ 6  0  3  1  0]
 [ 3  0  1  5  0]
 [ 0  0  8  3 10]
 [20  0  0  0 35]
 [ 3  0  2  9  0]]
ofmpa psum[22][4]
[[ 0  2  3  1  0]
 [ 0  3  1  5  0]
 [ 8  0 12  5  6]
 [12  0  0  0  7]
 [ 0  0  1  9  0]]
ofmpa psum[22][5]
[[ 2  2  3  1  0]
 [ 1  3  1  5  0]
 [ 8  0 20  3  2]
 [ 4  0  0  0  7]
 [ 2  0  1 18  0]]
ofmpa psum[22][6]
[[ 2  2  3  0  0]
 [ 1  3  1  0  0]
 [12  0 12  1  6]
 [12  0  0  0  7]
 [ 1  0  2  9  0]]
ofmpa psum[22][7]
[[ 2  2  0  3  0]
 [ 1  3  0 15  0]
 [20  0  4  3 10]
 [20  0  0  0  0]
 [ 1  0  1 27  0]]
ofmpa psum[22][8]
[[ 2  0  9  1  0]
 [ 1  0  3  5  0]
 [12  0 12  5  6]
 [ 4  0  0  0 21]
 [ 2  0  3 45  0]]
ofmpa psum[22][9]
[[ 0  6  3  5  0]
 [ 0  9  1 25  0]
 [ 4  0 20  3  6]
 [ 4  0  0  0  7]
 [ 1  0  5 27  0]]
ofmpa psum[22][10]
[[ 6  2 15  1  0]
 [ 3  3  5  0  0]
 [12  0 12  3  4]
 [ 4  0  0  0 35]
 [ 3  0  3  9  0]]
ofmpa psum[22][11]
[[ 2 10  3  5  0]
 [ 1 15  0  5  0]
 [20  0 12  2  0]
 [ 0  0  0  0  0]
 [ 5  0  1 27  0]]
ofmpa psum[22][12]
[[10  2 15  8  0]
 [ 5  0  1  0  0]
 [12  0  8  0  0]
 [12  0  0  0 14]
 [ 3  0  3 45  0]]
ofmpa psum[22][13]
[[ 2 10 24  1  0]
 [ 0  3  0  5  0]
 [12  0  0  0  4]
 [ 4  0  0  0  7]
 [ 1  0  5  9  0]]
ofmpa psum[22][14]
[[10 16  3  3  0]
 [ 1  0  1 15  0]
 [ 8  0  0  2  4]
 [20  0  0  0  7]
 [ 3  0  1  9  0]]
ofmpa psum[22][15]
[[16  2  9  5  0]
 [ 0  3  3 25  0]
 [ 0  0  8  2  2]
 [ 0  0  0  0 14]
 [ 5  0  1  9  0]]
ofmpa psum[22][16]
[[ 2  6 15  3  0]
 [ 1  9  5 15  0]
 [ 0  0  8  1  2]
 [ 8  0  0  0  7]
 [ 1  0  1  0  0]]
ofmpa psum[22][17]
[[ 6 10  9  1  0]
 [ 3 15  3  5  0]
 [ 8  0  4  1  0]
 [ 4  0  0  0 21]
 [ 1  0  0  0  0]]
ofmpa psum[22][18]
[[10  6  3  3  0]
 [ 5  9  1 15  0]
 [ 8  0  4  0  2]
 [ 4  0  0  0 35]
 [ 1  0  0  9  0]]
ofmpa psum[22][19]
[[ 6  2  9  7  0]
 [ 3  3  3 25  0]
 [ 4  0  0  1  2]
 [ 8  0  0  0 21]
 [ 0  0  1 18  0]]
ofmpa psum[22][20]
[[ 2  6 21  6  0]
 [ 1  9  5 15  0]
 [ 4  0  4  1  2]
 [ 4  0  0  0  7]
 [ 0  0  2  9  0]]
ofmpa psum[22][21]
[[ 6 14 18  2  0]
 [ 3 15  3  5  0]
 [ 0  0  4  1  2]
 [12  0  0  0 21]
 [ 1  0  1  9  0]]
ofmpa psum[22][22]
[[14 12  6  3  0]
 [ 5  9  1  5  0]
 [ 4  0  4  1  0]
 [20  0  0  0 35]
 [ 2  0  1  0  0]]
ofmpa psum[22][23]
[[12  4  9  0  0]
 [ 3  3  1  5  0]
 [ 4  0  4  0  2]
 [12  0  0  0  7]
 [ 1  0  0  9  0]]
ofmpa psum[22][24]
[[ 4  6  0  1  0]
 [ 1  3  1 15  0]
 [ 4  0  0  1  0]
 [ 4  0  0  0  7]
 [ 1  0  1  9  0]]
ofmpa psum[22][25]
[[ 6  0  3  1  0]
 [ 1  3  3 25  0]
 [ 4  0  4  0  4]
 [12  0  0  0  7]
 [ 0  0  1  9  0]]
ofmpa psum[22][26]
[[ 0  2  3  1  0]
 [ 1  9  5 15  0]
 [ 0  0  0  2  0]
 [20  0  0  0 14]
 [ 1  0  1  9  0]]
ofmpa psum[22][27]
[[ 2  2  3  0  0]
 [ 3 15  3  5  0]
 [ 4  0  8  0  0]
 [ 4  0  0  0 21]
 [ 1  0  1  0  0]]
ofmpa psum[22][28]
[[ 2  2  0  3  0]
 [ 5  9  1 15  0]
 [ 0  0  0  0  4]
 [ 4  0  0  0  7]
 [ 1  0  0  9  0]]
ofmpa psum[22][29]
[[ 2  0  9  1  0]
 [ 3  3  3 25  0]
 [ 8  0  0  2  0]
 [ 4  0  0  0  0]
 [ 1  0  1  9  0]]
ofmpa psum[23][0]
[[ 2 10 24  3  0]
 [ 0  3  1  0  0]
 [ 0  0 12  5  6]
 [ 0  0  0  0  0]
 [ 0  0  2  9  0]]
ofmpa psum[23][1]
[[10 16  9  0  0]
 [ 1  3  0 10  0]
 [ 4  0 20  3  2]
 [20  0  0  0 14]
 [ 4  0  1  9  0]]
ofmpa psum[23][2]
[[16  6  0  1  0]
 [ 1  0  2 10  0]
 [12  0 12  1  6]
 [32  0  0  0  7]
 [ 2  0  1 18  0]]
ofmpa psum[23][3]
[[ 6  0  3  1  0]
 [ 0  6  2 15  0]
 [20  0  4  3 10]
 [12  0  0  0  7]
 [ 1  0  2 27  0]]
ofmpa psum[23][4]
[[ 0  2  3  1  0]
 [ 2  6  3 25  0]
 [12  0 12  5  2]
 [ 0  0  0  0 14]
 [ 1  0  3 18  0]]
ofmpa psum[23][5]
[[ 2  2  3  1  0]
 [ 2  9  5 15  0]
 [ 4  0 20  1  2]
 [ 8  0  0  0  7]
 [ 2  0  2  9  0]]
ofmpa psum[23][6]
[[ 2  2  3  0  0]
 [ 3 15  3  5  0]
 [12  0  4  1  2]
 [ 4  0  0  0 21]
 [ 3  0  1  0  0]]
ofmpa psum[23][7]
[[ 2  2  0  3  0]
 [ 5  9  1 15  0]
 [20  0  4  1  0]
 [ 4  0  0  0 35]
 [ 2  0  0  9  0]]
ofmpa psum[23][8]
[[ 2  0  9  1  0]
 [ 3  3  3 25  0]
 [ 4  0  4  0  6]
 [ 8  0  0  0 21]
 [ 1  0  1  0  0]]
ofmpa psum[23][9]
[[ 0  6  3  5  0]
 [ 1  9  5 15  0]
 [ 4  0  0  3  2]
 [ 4  0  0  0  7]
 [ 0  0  0 18  0]]
ofmpa psum[23][10]
[[ 6  2 15  0  0]
 [ 3 15  3 15  0]
 [ 4  0 12  1 10]
 [12  0  0  0 21]
 [ 1  0  2  9  0]]
ofmpa psum[23][11]
[[ 2 10  0  1  0]
 [ 5  9  3 10  0]
 [ 0  0  4  5  0]
 [20  0  0  0 35]
 [ 0  0  1  0  0]]
ofmpa psum[23][12]
[[10  0  3  0  0]
 [ 3  9  2  0  0]
 [12  0 20  0  4]
 [12  0  0  0  7]
 [ 2  0  0  0  0]]
ofmpa psum[23][13]
[[ 0  2  0  1  0]
 [ 3  6  0  0  0]
 [ 4  0  0  2  2]
 [ 4  0  0  0  7]
 [ 1  0  0 27  0]]
ofmpa psum[23][14]
[[ 2  0  3  3  0]
 [ 2  0  0 10  0]
 [20  0  8  1  2]
 [12  0  0  0  7]
 [ 0  0  3  0  0]]
ofmpa psum[23][15]
[[ 0  2  9  5  0]
 [ 0  0  2 10  0]
 [ 0  0  4  1  4]
 [20  0  0  0  0]
 [ 0  0  0 18  0]]
ofmpa psum[23][16]
[[ 2  6 15  3  0]
 [ 0  6  2  5  0]
 [ 8  0  4  2  2]
 [ 4  0  0  0  0]
 [ 3  0  2  9  0]]
ofmpa psum[23][17]
[[ 6 10  9  1  0]
 [ 2  6  1  5  0]
 [ 4  0  8  1  6]
 [ 4  0  0  0  7]
 [ 0  0  1  9  0]]
ofmpa psum[23][18]
[[10  6  3  3  0]
 [ 2  3  1  0  0]
 [ 4  0  4  3 10]
 [ 4  0  0  0 14]
 [ 2  0  1 18  0]]
ofmpa psum[23][19]
[[ 6  2  9  5  0]
 [ 1  3  0  5  0]
 [ 8  0 12  5  6]
 [ 0  0  0  0  7]
 [ 1  0  2  9  0]]
ofmpa psum[23][20]
[[ 2  6 15  3  0]
 [ 1  0  1  5  0]
 [ 4  0 20  3  2]
 [ 0  0  0  0  7]
 [ 1  0  1 27  0]]
ofmpa psum[23][21]
[[ 6 10  9  1  0]
 [ 0  3  1  5  0]
 [12  0 12  1  6]
 [ 4  0  0  0  0]
 [ 2  0  3 45  0]]
ofmpa psum[23][22]
[[10  6  3  1  0]
 [ 1  3  1  5  0]
 [20  0  4  3 10]
 [ 8  0  0  0  7]
 [ 1  0  5 27  0]]
ofmpa psum[23][23]
[[ 6  2  3  1  0]
 [ 1  3  1  0  0]
 [12  0 12  5  2]
 [ 4  0  0  0  7]
 [ 3  0  3  9  0]]
ofmpa psum[23][24]
[[ 2  2  3  3  0]
 [ 1  3  0  5  0]
 [ 4  0 20  1  2]
 [ 4  0  0  0  7]
 [ 5  0  1 27  0]]
ofmpa psum[23][25]
[[ 2  2  9  5  0]
 [ 1  0  1  0  0]
 [12  0  4  1  2]
 [ 0  0  0  0  7]
 [ 3  0  3 27  0]]
ofmpa psum[23][26]
[[ 2  6 15  3  0]
 [ 0  3  0 10  0]
 [20  0  4  1  4]
 [ 4  0  0  0  0]
 [ 1  0  3 45  0]]
ofmpa psum[23][27]
[[ 6 10  9  1  0]
 [ 1  0  2  0  0]
 [ 4  0  4  2  6]
 [ 4  0  0  0  7]
 [ 3  0  5 27  0]]
ofmpa psum[23][28]
[[10  6  3  3  0]
 [ 0  6  0  0  0]
 [ 4  0  8  3  2]
 [ 4  0  0  0  7]
 [ 3  0  3  9  0]]
ofmpa psum[23][29]
[[ 6  2  9  5  0]
 [ 2  0  0 10  0]
 [ 4  0 12  1  0]
 [ 4  0  0  0  0]
 [ 5  0  1  9  0]]
ofmpa psum[24][0]
[[ 0  2  3  0  0]
 [ 0  3  3 25  0]
 [ 0  0 32  3  0]
 [ 0  0  0  0  7]
 [ 0  0  3  9  0]]
ofmpa psum[24][1]
[[ 2  2  0  2  0]
 [ 1  9  5 15  0]
 [20  0 12  0  4]
 [16  0  0  0 14]
 [ 0  0  1 45  0]]
ofmpa psum[24][2]
[[ 2  0  6  2  0]
 [ 3 15  3  5  0]
 [32  0  0  2  2]
 [ 8  0  0  0 21]
 [ 3  0  5 72  0]]
ofmpa psum[24][3]
[[ 0  4  6  3  0]
 [ 5  9  1 15  0]
 [12  0  8  1  2]
 [ 4  0  0  0 14]
 [ 1  0  8 27  0]]
ofmpa psum[24][4]
[[ 4  4  9  5  0]
 [ 3  3  3 25  0]
 [ 0  0  4  1  4]
 [ 4  0  0  0  7]
 [ 5  0  3  0  0]]
ofmpa psum[24][5]
[[ 4  6 15  3  0]
 [ 1  9  5  5  0]
 [ 8  0  4  2  2]
 [ 8  0  0  0  0]
 [ 8  0  0 18  0]]
ofmpa psum[24][6]
[[ 6 10  9  1  0]
 [ 3 15  1  5  0]
 [ 4  0  8  1  6]
 [12  0  0  0  7]
 [ 3  0  2  9  0]]
ofmpa psum[24][7]
[[10  6  3  3  0]
 [ 5  3  1  5  0]
 [ 4  0  4  3 10]
 [ 8  0  0  0  0]
 [ 0  0  1  9  0]]
ofmpa psum[24][8]
[[ 6  2  9  5  0]
 [ 1  3  1  0  0]
 [ 8  0 12  5  6]
 [ 4  0  0  0 14]
 [ 2  0  1 18  0]]
ofmpa psum[24][9]
[[ 2  6 15  3  0]
 [ 1  3  0 15  0]
 [ 4  0 20  3  2]
 [ 0  0  0  0  7]
 [ 1  0  2  9  0]]
ofmpa psum[24][10]
[[ 6 10  9  3  0]
 [ 1  0  3  5  0]
 [12  0 12  1  6]
 [ 4  0  0  0  0]
 [ 1  0  1 27  0]]
ofmpa psum[24][11]
[[10  6  9  2  0]
 [ 0  9  1 25  0]
 [20  0  4  3 10]
 [ 0  0  0  0  0]
 [ 2  0  3 45  0]]
ofmpa psum[24][12]
[[ 6  6  6  0  0]
 [ 3  3  5  0  0]
 [12  0 12  5  2]
 [ 8  0  0  0 21]
 [ 1  0  5 27  0]]
ofmpa psum[24][13]
[[ 6  4  0  0  0]
 [ 1 15  0 10  0]
 [ 4  0 20  1  2]
 [ 4  0  0  0  0]
 [ 3  0  3  9  0]]
ofmpa psum[24][14]
[[ 4  0  0  2  0]
 [ 5  0  2  5  0]
 [12  0  4  1  2]
 [ 0  0  0  0 14]
 [ 5  0  1 27  0]]
ofmpa psum[24][15]
[[ 0  0  6  2  0]
 [ 0  6  1  5  0]
 [20  0  4  1  0]
 [ 0  0  0  0  7]
 [ 3  0  3 45  0]]
ofmpa psum[24][16]
[[ 0  4  6  1  0]
 [ 2  3  1 10  0]
 [ 4  0  4  0  0]
 [12  0  0  0  7]
 [ 1  0  5  9  0]]
ofmpa psum[24][17]
[[ 4  4  3  1  0]
 [ 1  3  2  5  0]
 [ 4  0  0  0  2]
 [ 0  0  0  0 14]
 [ 3  0  1  9  0]]
ofmpa psum[24][18]
[[ 4  2  3  0  0]
 [ 1  6  1 15  0]
 [ 4  0  0  1  4]
 [ 8  0  0  0  7]
 [ 5  0  1  9  0]]
ofmpa psum[24][19]
[[ 2  2  0  1  0]
 [ 2  3  3 25  0]
 [ 0  0  4  2  2]
 [ 4  0  0  0 21]
 [ 1  0  1  0  0]]
ofmpa psum[24][20]
[[ 2  0  3  1  0]
 [ 1  9  5 15  0]
 [ 0  0  8  1  2]
 [ 4  0  0  0 35]
 [ 1  0  0 27  0]]
ofmpa psum[24][21]
[[ 0  2  3  1  0]
 [ 3 15  3  5  0]
 [ 4  0  4  1  0]
 [ 8  0  0  0 21]
 [ 1  0  3 90  0]]
ofmpa psum[24][22]
[[ 2  2  3  1  0]
 [ 5  9  1 15  0]
 [ 8  0  4  0  2]
 [ 4  0  0  0  7]
 [ 0  0 10 27  0]]
ofmpa psum[24][23]
[[ 2  2  3  0  0]
 [ 3  3  3 25  0]
 [ 4  0  0  1  2]
 [12  0  0  0 21]
 [ 3  0  3 45  0]]
ofmpa psum[24][24]
[[ 2  2  0  1  0]
 [ 1  9  5  5  0]
 [ 4  0  4  1  2]
 [20  0  0  0 21]
 [10  0  5  9  0]]
ofmpa psum[24][25]
[[ 2  0  3  0  0]
 [ 3 15  1  5  0]
 [ 0  0  4  1  2]
 [12  0  0  0 35]
 [ 3  0  1  9  0]]
ofmpa psum[24][26]
[[ 0  2  0  2  0]
 [ 5  3  1  5  0]
 [ 4  0  4  1  0]
 [ 4  0  0  0 21]
 [ 5  0  1  9  0]]
ofmpa psum[24][27]
[[ 2  0  6  0  0]
 [ 1  3  1 10  0]
 [ 4  0  4  0  2]
 [12  0  0  0  7]
 [ 1  0  1  9  0]]
ofmpa psum[24][28]
[[ 0  4  0  0  0]
 [ 1  3  2 15  0]
 [ 4  0  0  1  2]
 [12  0  0  0  7]
 [ 1  0  1 18  0]]
ofmpa psum[24][29]
[[ 4  0  0  2  0]
 [ 1  6  3  5  0]
 [ 4  0  4  1  0]
 [20  0  0  0  0]
 [ 1  0  2  0  0]]
ofmpa psum[25][0]
[[ 0  2  9  5  0]
 [ 0 15  8 15  0]
 [ 0  0  8  1  2]
 [ 0  0  0  0 35]
 [ 0  0  5 27  0]]
ofmpa psum[25][1]
[[ 2  6 15  3  0]
 [ 5 24  3  0  0]
 [16  0  4  1  4]
 [ 0  0  0  0 56]
 [ 3  0  3  9  0]]
ofmpa psum[25][2]
[[ 6 10  9  1  0]
 [ 8  9  0 10  0]
 [ 8  0  4  2  6]
 [12  0  0  0 21]
 [ 5  0  1 27  0]]
ofmpa psum[25][3]
[[10  6  3  3  0]
 [ 3  0  2  5  0]
 [ 4  0  8  3  4]
 [ 4  0  0  0  0]
 [ 3  0  3 45  0]]
ofmpa psum[25][4]
[[ 6  2  9  5  0]
 [ 0  6  1  5  0]
 [ 4  0 12  2  2]
 [20  0  0  0 14]
 [ 1  0  5 27  0]]
ofmpa psum[25][5]
[[ 2  6 15  1  0]
 [ 2  3  1 10  0]
 [ 8  0  8  1  0]
 [32  0  0  0  7]
 [ 3  0  3  9  0]]
ofmpa psum[25][6]
[[ 6 10  3  1  0]
 [ 1  3  2  5  0]
 [12  0  4  0  2]
 [12  0  0  0  7]
 [ 5  0  1 27  0]]
ofmpa psum[25][7]
[[10  2  3  1  0]
 [ 1  6  1 15  0]
 [ 8  0  0  1  0]
 [ 0  0  0  0 14]
 [ 3  0  3 45  0]]
ofmpa psum[25][8]
[[ 2  2  3  0  0]
 [ 2  3  3 25  0]
 [ 4  0  4  0  4]
 [ 8  0  0  0  7]
 [ 1  0  5 27  0]]
ofmpa psum[25][9]
[[ 2  2  0  3  0]
 [ 1  9  5 15  0]
 [ 0  0  0  2  2]
 [ 4  0  0  0 21]
 [ 3  0  3  0  0]]
ofmpa psum[25][10]
[[ 2  0  9  1  0]
 [ 3 15  3  5  0]
 [ 4  0  8  1  0]
 [ 4  0  0  0 35]
 [ 5  0  0 27  0]]
ofmpa psum[25][11]
[[ 0  6  3  5  0]
 [ 5  9  1 15  0]
 [ 0  0  4  0  0]
 [ 8  0  0  0 21]
 [ 3  0  3 45  0]]
ofmpa psum[25][12]
[[ 6  2 15  0  0]
 [ 3  3  3 25  0]
 [ 8  0  0  0  6]
 [ 4  0  0  0  7]
 [ 0  0  5 27  0]]
ofmpa psum[25][13]
[[ 2 10  0  2  0]
 [ 1  9  5  5  0]
 [ 4  0  0  3  0]
 [12  0  0  0 21]
 [ 3  0  3  9  0]]
ofmpa psum[25][14]
[[10  0  6  1  0]
 [ 3 15  1  5  0]
 [ 0  0 12  0  4]
 [20  0  0  0 35]
 [ 5  0  1  0  0]]
ofmpa psum[25][15]
[[ 0  4  3  1  0]
 [ 5  3  1  5  0]
 [ 0  0  0  2  2]
 [12  0  0  0  7]
 [ 3  0  0  9  0]]
ofmpa psum[25][16]
[[ 4  2  3  2  0]
 [ 1  3  1  0  0]
 [12  0  8  1  2]
 [ 4  0  0  0  7]
 [ 1  0  1  9  0]]
ofmpa psum[25][17]
[[ 2  2  6  1  0]
 [ 1  3  0  0  0]
 [ 0  0  4  1  4]
 [12  0  0  0  7]
 [ 0  0  1  0  0]]
ofmpa psum[25][18]
[[ 2  4  3  3  0]
 [ 1  0  0  5  0]
 [ 8  0  4  2  2]
 [20  0  0  0  0]
 [ 1  0  0  9  0]]
ofmpa psum[25][19]
[[ 4  2  9  5  0]
 [ 0  0  1 10  0]
 [ 4  0  8  1  6]
 [ 4  0  0  0 21]
 [ 1  0  1  9  0]]
ofmpa psum[25][20]
[[ 2  6 15  3  0]
 [ 0  3  2  5  0]
 [ 4  0  4  3 10]
 [ 4  0  0  0 70]
 [ 0  0  1  9  0]]
ofmpa psum[25][21]
[[ 6 10  9  1  0]
 [ 1  6  1  5  0]
 [ 8  0 12  5  6]
 [ 4  0  0  0 21]
 [ 1  0  1  9  0]]
ofmpa psum[25][22]
[[10  6  3  3  0]
 [ 2  3  1  0  0]
 [ 4  0 20  3  2]
 [ 0  0  0  0 35]
 [ 1  0  1  0  0]]
ofmpa psum[25][23]
[[ 6  2  9  5  0]
 [ 1  3  0  5  0]
 [12  0 12  1  6]
 [12  0  0  0  7]
 [ 1  0  0  9  0]]
ofmpa psum[25][24]
[[ 2  6 15  1  0]
 [ 1  0  1  5  0]
 [20  0  4  3  6]
 [40  0  0  0  7]
 [ 1  0  1  9  0]]
ofmpa psum[25][25]
[[ 6 10  3  1  0]
 [ 0  3  1  5  0]
 [12  0 12  3 10]
 [12  0  0  0  7]
 [ 0  0  1  9  0]]
ofmpa psum[25][26]
[[10  2  3  1  0]
 [ 1  3  1  5  0]
 [ 4  0 12  5  6]
 [20  0  0  0  7]
 [ 1  0  1  9  0]]
ofmpa psum[25][27]
[[ 2  2  3  2  0]
 [ 1  3  1  0  0]
 [12  0 20  3  2]
 [ 4  0  0  0 14]
 [ 1  0  1 18  0]]
ofmpa psum[25][28]
[[ 2  2  6  3  0]
 [ 1  3  0  5  0]
 [12  0 12  1  2]
 [ 4  0  0  0  0]
 [ 1  0  2  0  0]]
ofmpa psum[25][29]
[[ 2  4  9  1  0]
 [ 1  0  1  5  0]
 [20  0  4  1  0]
 [ 4  0  0  0  0]
 [ 1  0  0  0  0]]
ofmpa psum[26][0]
[[ 0 10 24  3  0]
 [ 0 12  2  5  0]
 [ 0  0 12  1 10]
 [ 0  0  0  0  7]
 [ 0  0  2  9  0]]
ofmpa psum[26][1]
[[10 16  9  0  0]
 [ 4  6  1  5  0]
 [ 0  0  4  5 16]
 [12  0  0  0 21]
 [ 2  0  1  0  0]]
ofmpa psum[26][2]
[[16  6  0  2  0]
 [ 2  3  1 10  0]
 [12  0 20  8  6]
 [20  0  0  0 35]
 [ 2  0  0  9  0]]
ofmpa psum[26][3]
[[ 6  0  6  1  0]
 [ 1  3  2 15  0]
 [ 4  0 32  3  0]
 [12  0  0  0 21]
 [ 1  0  1  0  0]]
ofmpa psum[26][4]
[[ 0  4  3  1  0]
 [ 1  6  3 10  0]
 [20  0 12  0  4]
 [ 4  0  0  0  7]
 [ 0  0  0  9  0]]
ofmpa psum[26][5]
[[ 4  2  3  2  0]
 [ 2  9  2  5  0]
 [32  0  0  2  2]
 [12  0  0  0 21]
 [ 1  0  1 27  0]]
ofmpa psum[26][6]
[[ 2  2  6  1  0]
 [ 3  6  1  0  0]
 [12  0  8  1  2]
 [20  0  0  0 35]
 [ 0  0  3 27  0]]
ofmpa psum[26][7]
[[ 2  4  3  3  0]
 [ 2  3  0  5  0]
 [ 0  0  4  1  4]
 [12  0  0  0 21]
 [ 1  0  3  9  0]]
ofmpa psum[26][8]
[[ 4  2  9  5  0]
 [ 1  0  1  0  0]
 [ 8  0  4  2  2]
 [ 4  0  0  0  0]
 [ 3  0  1 45  0]]
ofmpa psum[26][9]
[[ 2  6 15  3  0]
 [ 0  3  0 10  0]
 [ 4  0  8  1  6]
 [12  0  0  0 21]
 [ 3  0  5 18  0]]
ofmpa psum[26][10]
[[ 6 10  9  1  0]
 [ 1  0  2  5  0]
 [ 4  0  4  3 10]
 [20  0  0  0 35]
 [ 1  0  2 27  0]]
ofmpa psum[26][11]
[[10  6  3  3  0]
 [ 0  6  1  0  0]
 [ 8  0 12  5  6]
 [12  0  0  0 21]
 [ 5  0  3  9  0]]
ofmpa psum[26][12]
[[ 6  2  9  5  0]
 [ 2  3  0  0  0]
 [ 4  0 20  3  2]
 [ 0  0  0  0  7]
 [ 2  0  1 18  0]]
ofmpa psum[26][13]
[[ 2  6 15  1  0]
 [ 1  0  0 15  0]
 [12  0 12  1  6]
 [12  0  0  0  0]
 [ 3  0  2 18  0]]
ofmpa psum[26][14]
[[ 6 10  3  1  0]
 [ 0  0  3  0  0]
 [20  0  4  3 10]
 [20  0  0  0  7]
 [ 1  0  2 27  0]]
ofmpa psum[26][15]
[[10  2  3  1  0]
 [ 0  9  0 10  0]
 [12  0 12  5  2]
 [12  0  0  0  7]
 [ 2  0  3 45  0]]
ofmpa psum[26][16]
[[ 2  2  3  0  0]
 [ 3  0  2  5  0]
 [ 4  0 20  1  2]
 [ 4  0  0  0  0]
 [ 2  0  5 27  0]]
ofmpa psum[26][17]
[[ 2  2  0  0  0]
 [ 0  6  1  5  0]
 [12  0  4  1  2]
 [ 0  0  0  0  7]
 [ 3  0  3  9  0]]
ofmpa psum[26][18]
[[ 2  0  0  1  0]
 [ 2  3  1 10  0]
 [20  0  4  1  0]
 [ 4  0  0  0  7]
 [ 5  0  1 27  0]]
ofmpa psum[26][19]
[[ 0  0  3  2  0]
 [ 1  3  2  5  0]
 [ 4  0  4  0  6]
 [ 4  0  0  0  7]
 [ 3  0  3 45  0]]
ofmpa psum[26][20]
[[ 0  2  6  1  0]
 [ 1  6  1 15  0]
 [ 4  0  0  3 20]
 [ 0  0  0  0  7]
 [ 1  0  5 27  0]]
ofmpa psum[26][21]
[[ 2  4  3  1  0]
 [ 2  3  3 25  0]
 [ 4  0 12 10  6]
 [ 4  0  0  0  0]
 [ 3  0  3 27  0]]
ofmpa psum[26][22]
[[ 4  2  3  0  0]
 [ 1  9  5 15  0]
 [ 0  0 40  3 10]
 [ 4  0  0  0  7]
 [ 5  0  3 18  0]]
ofmpa psum[26][23]
[[ 2  2  0  1  0]
 [ 3 15  3  5  0]
 [12  0 12  5  2]
 [ 4  0  0  0  7]
 [ 3  0  2  0  0]]
ofmpa psum[26][24]
[[ 2  0  3  1  0]
 [ 5  9  1 15  0]
 [40  0 20  1  2]
 [ 4  0  0  0  7]
 [ 3  0  0  0  0]]
ofmpa psum[26][25]
[[ 0  2  3  1  0]
 [ 3  3  3 15  0]
 [12  0  4  1  2]
 [ 0  0  0  0  7]
 [ 2  0  0 18  0]]
ofmpa psum[26][26]
[[ 2  2  3  1  0]
 [ 1  9  3 25  0]
 [20  0  4  1  2]
 [ 4  0  0  0 14]
 [ 0  0  2 81  0]]
ofmpa psum[26][27]
[[ 2  2  3  0  0]
 [ 3  9  5 15  0]
 [ 4  0  4  1  4]
 [ 4  0  0  0  0]
 [ 0  0  9 18  0]]
ofmpa psum[26][28]
[[ 2  2  0  1  0]
 [ 3 15  3  5  0]
 [ 4  0  4  2  0]
 [ 4  0  0  0  0]
 [ 2  0  2 27  0]]
ofmpa psum[26][29]
[[2 0 3 1 0]
 [5 9 1 5 0]
 [4 0 8 0 0]
 [4 0 0 0 0]
 [9 0 3 9 0]]
ofmpa psum[27][0]
[[ 0  8  6  1  0]
 [ 0  0  3  5  0]
 [ 0  0 20  3  2]
 [ 0  0  0  0  0]
 [ 0  0  8 63  0]]
ofmpa psum[27][1]
[[ 8  4  3  1  0]
 [ 0  9  1 25  0]
 [12  0 12  1  6]
 [ 8  0  0  0  7]
 [ 3  0  7  0  0]]
ofmpa psum[27][2]
[[ 4  2  3  2  0]
 [ 3  3  5 40  0]
 [20  0  4  3 10]
 [ 8  0  0  0  0]
 [ 8  0  0  0  0]]
ofmpa psum[27][3]
[[ 2  2  6  3  0]
 [ 1 15  8 15  0]
 [12  0 12  5  6]
 [ 4  0  0  0  7]
 [ 7  0  0  9  0]]
ofmpa psum[27][4]
[[ 2  4  9  2  0]
 [ 5 24  3  0  0]
 [ 4  0 20  3  2]
 [ 0  0  0  0 21]
 [ 0  0  1  0  0]]
ofmpa psum[27][5]
[[ 4  6  6  1  0]
 [ 8  9  0 10  0]
 [12  0 12  1  6]
 [ 4  0  0  0 21]
 [ 0  0  0 18  0]]
ofmpa psum[27][6]
[[ 6  4  3  0  0]
 [ 3  0  2  5  0]
 [20  0  4  3 10]
 [ 0  0  0  0  7]
 [ 1  0  2  9  0]]
ofmpa psum[27][7]
[[ 4  2  0  1  0]
 [ 0  6  1  5  0]
 [12  0 12  5  6]
 [ 4  0  0  0 35]
 [ 0  0  1  0  0]]
ofmpa psum[27][8]
[[ 2  0  3  0  0]
 [ 2  3  1 10  0]
 [ 4  0 20  3  0]
 [12  0  0  0 14]
 [ 2  0  0 18  0]]
ofmpa psum[27][9]
[[ 0  2  0  2  0]
 [ 1  3  2  5  0]
 [12  0 12  0  6]
 [12  0  0  0 21]
 [ 1  0  2  9  0]]
ofmpa psum[27][10]
[[ 2  0  6  1  0]
 [ 1  6  1 15  0]
 [20  0  0  3 10]
 [ 4  0  0  0  7]
 [ 0  0  1  9  0]]
ofmpa psum[27][11]
[[ 0  4  3  0  0]
 [ 2  3  3 25  0]
 [12  0 12  5  6]
 [20  0  0  0 14]
 [ 2  0  1  0  0]]
ofmpa psum[27][12]
[[ 4  2  0  0  0]
 [ 1  9  5 15  0]
 [ 0  0 20  3  2]
 [ 8  0  0  0 14]
 [ 1  0  0  0  0]]
ofmpa psum[27][13]
[[ 2  0  0  3  0]
 [ 3 15  3  5  0]
 [12  0 12  1  0]
 [12  0  0  0 21]
 [ 1  0  0  9  0]]
ofmpa psum[27][14]
[[ 0  0  9  0  0]
 [ 5  9  1 15  0]
 [20  0  4  0  2]
 [ 4  0  0  0 35]
 [ 0  0  1 27  0]]
ofmpa psum[27][15]
[[ 0  6  0  2  0]
 [ 3  3  3 25  0]
 [12  0  0  1  2]
 [ 8  0  0  0 21]
 [ 0  0  3 45  0]]
ofmpa psum[27][16]
[[6 0 6 1 0]
 [1 9 5 5 0]
 [4 0 4 1 0]
 [8 0 0 0 7]
 [1 0 5 9 0]]
ofmpa psum[27][17]
[[ 0  4  3  1  0]
 [ 3 15  1  5  0]
 [ 0  0  4  0  2]
 [12  0  0  0 21]
 [ 3  0  1 18  0]]
ofmpa psum[27][18]
[[ 4  2  3  2  0]
 [ 5  3  1  5  0]
 [ 4  0  0  1  2]
 [20  0  0  0 35]
 [ 5  0  2 27  0]]
ofmpa psum[27][19]
[[ 2  2  6  1  0]
 [ 1  3  1  0  0]
 [ 4  0  4  1  2]
 [12  0  0  0 21]
 [ 1  0  3  9  0]]
ofmpa psum[27][20]
[[ 2  4  3  3  0]
 [ 1  3  0 15  0]
 [ 0  0  4  1  2]
 [ 4  0  0  0 21]
 [ 2  0  1 27  0]]
ofmpa psum[27][21]
[[ 4  2  9  5  0]
 [ 1  0  3 50  0]
 [ 4  0  4  1  0]
 [12  0  0  0 14]
 [ 3  0  3 45  0]]
ofmpa psum[27][22]
[[ 2  6 15  3  0]
 [ 0  9 10 15  0]
 [ 4  0  4  0  2]
 [20  0  0  0  0]
 [ 1  0  5 27  0]]
ofmpa psum[27][23]
[[ 6 10  9  1  0]
 [ 3 30  3 25  0]
 [ 4  0  0  1  2]
 [12  0  0  0  0]
 [ 3  0  3  0  0]]
ofmpa psum[27][24]
[[10  6  3  3  0]
 [10  9  5  5  0]
 [ 4  0  4  1  2]
 [12  0  0  0 14]
 [ 5  0  0 54  0]]
ofmpa psum[27][25]
[[ 6  2  9  3  0]
 [ 3 15  1  5  0]
 [ 0  0  4  1  2]
 [ 8  0  0  0 63]
 [ 3  0  6  0  0]]
ofmpa psum[27][26]
[[ 2  6  9  5  0]
 [ 5  3  1  5  0]
 [ 4  0  4  1  4]
 [ 0  0  0  0 14]
 [ 0  0  0  9  0]]
ofmpa psum[27][27]
[[ 6  6 15  3  0]
 [ 1  3  1  5  0]
 [ 4  0  4  2  0]
 [ 0  0  0  0 21]
 [ 6  0  1 27  0]]
ofmpa psum[27][28]
[[ 6 10  9  1  0]
 [ 1  3  1 10  0]
 [ 4  0  8  0  0]
 [ 8  0  0  0  7]
 [ 0  0  3 45  0]]
ofmpa psum[27][29]
[[10  6  3  1  0]
 [ 1  3  2  0  0]
 [ 4  0  0  0  0]
 [36  0  0  0  0]
 [ 1  0  5 36  0]]
ofmpa psum[28][0]
[[ 0  0  9  1  0]
 [ 0  9  5 15  0]
 [ 0  0  8  1  0]
 [ 0  0  0  0  0]
 [ 0  0  8  9  0]]
ofmpa psum[28][1]
[[ 0  6  3  5  0]
 [ 3 15  3  5  0]
 [ 8  0  4  0  2]
 [12  0  0  0  0]
 [ 5  0  1 27  0]]
ofmpa psum[28][2]
[[ 6  2 15  8  0]
 [ 5  9  1 15  0]
 [ 8  0  0  1  0]
 [32  0  0  0  7]
 [ 8  0  3 45  0]]
ofmpa psum[28][3]
[[ 2 10 24  3  0]
 [ 3  3  3 25  0]
 [ 4  0  4  0  2]
 [28  0  0  0  0]
 [ 1  0  5 27  0]]
ofmpa psum[28][4]
[[10 16  9  0  0]
 [ 1  9  5 15  0]
 [ 0  0  0  1  6]
 [ 0  0  0  0 14]
 [ 3  0  3  9  0]]
ofmpa psum[28][5]
[[16  6  0  2  0]
 [ 3 15  3  5  0]
 [ 4  0  4  3  6]
 [ 0  0  0  0  7]
 [ 5  0  1 27  0]]
ofmpa psum[28][6]
[[ 6  0  6  1  0]
 [ 5  9  1 15  0]
 [ 0  0 12  3  2]
 [ 4  0  0  0  0]
 [ 3  0  3 63  0]]
ofmpa psum[28][7]
[[ 0  4  3  1  0]
 [ 3  3  3 25  0]
 [ 4  0 12  1 10]
 [ 0  0  0  0 14]
 [ 1  0  7 54  0]]
ofmpa psum[28][8]
[[ 4  2  3  2  0]
 [ 1  9  5 15  0]
 [12  0  4  5  4]
 [ 8  0  0  0  7]
 [ 3  0  6 18  0]]
ofmpa psum[28][9]
[[ 2  2  6  1  0]
 [ 3 15  3  0  0]
 [12  0 20  2  6]
 [ 4  0  0  0  7]
 [ 7  0  2 27  0]]
ofmpa psum[28][10]
[[ 2  4  3  3  0]
 [ 5  9  0 15  0]
 [ 4  0  8  3  2]
 [ 0  0  0  0  0]
 [ 6  0  3  0  0]]
ofmpa psum[28][11]
[[ 4  2  9  5  0]
 [ 3  0  3 25  0]
 [20  0 12  1  4]
 [ 8  0  0  0  0]
 [ 2  0  0  9  0]]
ofmpa psum[28][12]
[[ 2  6 15  3  0]
 [ 0  9  5 15  0]
 [ 8  0  4  2  4]
 [ 4  0  0  0  7]
 [ 3  0  1  9  0]]
ofmpa psum[28][13]
[[ 6 10  9  1  0]
 [ 3 15  3  5  0]
 [12  0  8  2  6]
 [ 4  0  0  0 21]
 [ 0  0  1  9  0]]
ofmpa psum[28][14]
[[10  6  3  3  0]
 [ 5  9  1  0  0]
 [ 4  0  8  3 10]
 [ 0  0  0  0 35]
 [ 1  0  1  0  0]]
ofmpa psum[28][15]
[[ 6  2  9  5  0]
 [ 3  3  0  5  0]
 [ 8  0 12  5  6]
 [ 0  0  0  0  7]
 [ 1  0  0 27  0]]
ofmpa psum[28][16]
[[ 2  6 15  1  0]
 [ 1  0  1  5  0]
 [ 8  0 20  3  2]
 [ 4  0  0  0 14]
 [ 1  0  3 27  0]]
ofmpa psum[28][17]
[[ 6 10  3  1  0]
 [ 0  3  1  0  0]
 [12  0 12  1  6]
 [12  0  0  0 21]
 [ 0  0  3  0  0]]
ofmpa psum[28][18]
[[10  2  3  1  0]
 [ 1  3  0  5  0]
 [20  0  4  3 10]
 [20  0  0  0  7]
 [ 3  0  0 18  0]]
ofmpa psum[28][19]
[[ 2  2  3  0  0]
 [ 1  0  1  5  0]
 [12  0 12  5  6]
 [ 4  0  0  0 21]
 [ 3  0  2  9  0]]
ofmpa psum[28][20]
[[ 2  2  0  3  0]
 [ 0  3  1  5  0]
 [ 4  0 20  3  6]
 [ 8  0  0  0 35]
 [ 0  0  1  9  0]]
ofmpa psum[28][21]
[[ 2  0  9 10  0]
 [ 1  3  1  5  0]
 [12  0 12  3  4]
 [12  0  0  0 21]
 [ 2  0  1 18  0]]
ofmpa psum[28][22]
[[ 0  6 30  3  0]
 [ 1  3  1  0  0]
 [20  0 12  2  0]
 [ 4  0  0  0  0]
 [ 1  0  2  9  0]]
ofmpa psum[28][23]
[[ 6 20  9  5  0]
 [ 1  3  0  5  0]
 [12  0  8  0  0]
 [12  0  0  0 42]
 [ 1  0  1 27  0]]
ofmpa psum[28][24]
[[20  6 15  1  0]
 [ 1  0  1  5  0]
 [12  0  0  0  4]
 [20  0  0  0  0]
 [ 2  0  3 45  0]]
ofmpa psum[28][25]
[[ 6 10  3  1  0]
 [ 0  3  1  5  0]
 [ 8  0  0  2 18]
 [12  0  0  0  7]
 [ 1  0  5 27  0]]
ofmpa psum[28][26]
[[10  2  3  1  0]
 [ 1  3  1  5  0]
 [ 0  0  8  9  4]
 [ 0  0  0  0 21]
 [ 3  0  3  9  0]]
ofmpa psum[28][27]
[[ 2  2  3  1  0]
 [ 1  3  1 10  0]
 [ 0  0 36  2  6]
 [24  0  0  0 35]
 [ 5  0  1 27  0]]
ofmpa psum[28][28]
[[ 2  2  3  2  0]
 [ 1  3  2  0  0]
 [ 8  0  8  3  2]
 [ 0  0  0  0 28]
 [ 3  0  3 72  0]]
ofmpa psum[28][29]
[[ 2  2  6  0  0]
 [ 1  6  0  0  0]
 [36  0 12  1  0]
 [ 4  0  0  0  0]
 [ 1  0  8 81  0]]
ofmpa psum[29][0]
[[ 0  6 15  3  0]
 [ 0  6  2  5  0]
 [ 0  0 32  7  0]
 [ 0  0  0  0 21]
 [ 0  0  0  0  0]]
ofmpa psum[29][1]
[[ 6 10  9  1  0]
 [ 2  6  1  0  0]
 [12  0 28  0  0]
 [20  0  0  0 35]
 [ 0  0  0  0  0]]
ofmpa psum[29][2]
[[10  6  3  3  0]
 [ 2  3  0  5  0]
 [32  0  0  0  2]
 [32  0  0  0 21]
 [ 0  0  0  0  0]]
ofmpa psum[29][3]
[[ 6  2  9  5  0]
 [ 1  0  1  0  0]
 [28  0  0  1  0]
 [ 4  0  0  0  7]
 [ 0  0  0  0  0]]
ofmpa psum[29][4]
[[ 2  6 15  3  0]
 [ 0  3  0  5  0]
 [ 0  0  4  0  4]
 [12  0  0  0 21]
 [ 0  0  0  0  0]]
ofmpa psum[29][5]
[[ 6 10  9  1  0]
 [ 1  0  1 15  0]
 [ 0  0  0  2  2]
 [20  0  0  0 49]
 [ 0  0  0  0  0]]
ofmpa psum[29][6]
[[10  6  3  3  0]
 [ 0  3  3 15  0]
 [ 4  0  8  1  0]
 [12  0  0  0 42]
 [ 0  0  0  0  0]]
ofmpa psum[29][7]
[[ 6  2  9  5  0]
 [ 1  9  3  5  0]
 [ 0  0  4  0  4]
 [ 4  0  0  0 14]
 [ 0  0  0  0  0]]
ofmpa psum[29][8]
[[ 2  6 15  3  0]
 [ 3  9  1 25  0]
 [ 8  0  0  2  2]
 [12  0  0  0 21]
 [ 0  0  0  0  0]]
ofmpa psum[29][9]
[[ 6 10  9  0  0]
 [ 3  3  5 10  0]
 [ 4  0  8  1  2]
 [28  0  0  0  0]
 [ 0  0  0  0  0]]
ofmpa psum[29][10]
[[10  6  0  3  0]
 [ 1 15  2 15  0]
 [ 0  0  4  1  0]
 [24  0  0  0  7]
 [ 0  0  0  0  0]]
ofmpa psum[29][11]
[[6 0 9 5 0]
 [5 6 3 5 0]
 [8 0 4 0 0]
 [8 0 0 0 7]
 [0 0 0 0 0]]
ofmpa psum[29][12]
[[ 0  6 15  3  0]
 [ 2  9  1 10  0]
 [ 4  0  0  0  2]
 [12  0  0  0  7]
 [ 0  0  0  0  0]]
ofmpa psum[29][13]
[[ 6 10  9  1  0]
 [ 3  3  2 10  0]
 [ 4  0  0  1  6]
 [ 0  0  0  0  0]
 [ 0  0  0  0  0]]
ofmpa psum[29][14]
[[10  6  3  0  0]
 [ 1  6  2 15  0]
 [ 0  0  4  3 10]
 [ 4  0  0  0 21]
 [ 0  0  0  0  0]]
ofmpa psum[29][15]
[[ 6  2  0  1  0]
 [ 2  6  3 25  0]
 [ 0  0 12  5  2]
 [ 4  0  0  0 21]
 [ 0  0  0  0  0]]
ofmpa psum[29][16]
[[ 2  0  3  1  0]
 [ 2  9  5 15  0]
 [ 4  0 20  1  4]
 [ 4  0  0  0  0]
 [ 0  0  0  0  0]]
ofmpa psum[29][17]
[[ 0  2  3  0  0]
 [ 3 15  3  5  0]
 [12  0  4  2  6]
 [ 0  0  0  0 14]
 [ 0  0  0  0  0]]
ofmpa psum[29][18]
[[ 2  2  0  1  0]
 [ 5  9  1 15  0]
 [20  0  8  3  2]
 [12  0  0  0  7]
 [ 0  0  0  0  0]]
ofmpa psum[29][19]
[[ 2  0  3  1  0]
 [ 3  3  3 25  0]
 [ 4  0 12  1  6]
 [12  0  0  0  7]
 [ 0  0  0  0  0]]
ofmpa psum[29][20]
[[ 0  2  3  1  0]
 [ 1  9  5 15  0]
 [ 8  0  4  3 10]
 [ 0  0  0  0 14]
 [ 0  0  0  0  0]]
ofmpa psum[29][21]
[[ 2  2  3  1  0]
 [ 3 15  3 15  0]
 [12  0 12  5  6]
 [ 8  0  0  0  7]
 [ 0  0  0  0  0]]
ofmpa psum[29][22]
[[ 2  2  3  0  0]
 [ 5  9  3 10  0]
 [ 4  0 20  3  0]
 [ 4  0  0  0 21]
 [ 0  0  0  0  0]]
ofmpa psum[29][23]
[[ 2  2  0  1  0]
 [ 3  9  2  0  0]
 [12  0 12  0 12]
 [ 4  0  0  0 35]
 [ 0  0  0  0  0]]
ofmpa psum[29][24]
[[ 2  0  3  1  0]
 [ 3  6  0  0  0]
 [20  0  0  6  0]
 [ 8  0  0  0 21]
 [ 0  0  0  0  0]]
ofmpa psum[29][25]
[[ 0  2  3  1  0]
 [ 2  0  0 10  0]
 [12  0 24  0  2]
 [ 4  0  0  0  7]
 [ 0  0  0  0  0]]
ofmpa psum[29][26]
[[ 2  2  3  1  0]
 [ 0  0  2 45  0]
 [ 0  0  0  1  6]
 [12  0  0  0 21]
 [ 0  0  0  0  0]]
ofmpa psum[29][27]
[[ 2  2  3  2  0]
 [ 0  6  9 10  0]
 [24  0  4  3 10]
 [20  0  0  0 56]
 [ 0  0  0  0  0]]
ofmpa psum[29][28]
[[ 2  2  6  0  0]
 [ 2 27  2 15  0]
 [ 0  0 12  5  8]
 [12  0  0  0 63]
 [ 0  0  0  0  0]]
ofmpa psum[29][29]
[[ 2  4  0  0  0]
 [ 9  6  3  5  0]
 [ 4  0 20  4  0]
 [ 4  0  0  0  0]
 [ 0  0  0  0  0]]
