36
39
45
41
39
40
43
41
39
38
44
40
37
38
44
39
37
44
46
40
41
35
40
44
42
42
39
39
45
42
41
40
39
40
41
44
35
37
42
47
40
41
45
40
34
45
47
36
40
38
38
46
43
46
44
45
38
40
45
44
43
39
42
42
39
42
42
45
47
41
40
42
39
42
45
41
42
37
40
40
39
36
38
44
47
47
43
40
37
43
44
43
40
42
38
31
31
39
42
39
49
51
38
38
46
43
42
44
44
38
37
39
38
40
39
45
41
45
42
38
46
49
42
38
37
39
33
36
43
39
39
42
38
41
43
44
42
45
43
43
36
42
40
46
39
38
47
44
42
34
47
46
41
40
40
39
33
41
39
39
37
45
40
40
41
49
51
41
44
46
37
35
38
43
48
37
43
42
38
39
49
46
47
47
49
37
37
36
40
42
39
39
41
48
49
47
49
44
48
47
46
42
39
43
45
41
43
47
39
47
47
52
50
45
45
45
45
46
47
52
49
44
45
40
41
