33
28
40
28
36
39
35
41
37
37
33
35
30
31
39
33
28
33
33
29
28
31
35
29
32
28
28
34
31
24
33
24
32
30
33
33
32
34
33
33
35
31
39
35
29
31
30
36
34
35
31
31
26
31
29
35
38
33
37
40
32
27
34
25
29
29
35
32
33
29
28
29
32
40
40
34
35
35
32
32
33
37
35
32
33
31
38
36
35
33
34
43
40
35
32
32
31
26
27
32
27
26
25
28
33
26
30
35
34
39
39
41
30
38
35
31
32
33
34
30
39
36
36
37
28
40
39
40
30
36
36
32
31
25
27
26
29
27
30
36
40
33
39
38
40
41
42
33
37
35
35
36
31
30
34
30
32
35
32
34
30
33
42
40
35
37
35
32
30
29
32
31
33
31
34
37
33
33
29
29
41
41
41
37
38
41
35
36
32
32
34
36
29
37
30
36
33
34
38
40
40
35
33
30
28
22
26
26
33
32
35
37
39
35
33
33
43
44
40
42
42
42
38
36
34
37
26
34
31
36
41
30
36
40
41
41
40
35
32
31
28
26
27
27
28
24
34
30
37
32
34
30
37
46
43
36
37
36
29
29
27
33
31
31
35
39
39
36
35
46
42
44
40
40
37
36
29
31
30
31
33
30
29
34
32
26
29
24
43
38
30
42
39
33
31
31
32
29
36
37
35
36
36
40
38
41
37
36
36
34
33
30
30
34
31
33
32
28
30
29
32
28
28
28
38
36
39
43
35
31
35
31
29
27
33
35
33
37
36
33
32
41
34
32
33
36
28
36
39
35
32
29
31
26
27
36
30
31
28
31
28
37
36
36
35
36
31
31
30
33
30
28
31
30
33
31
31
37
40
31
35
34
32
33
30
24
32
31
30
25
32
24
27
27
25
32
32
32
37
34
36
36
29
32
31
29
30
29
30
32
34
32
30
33
30
36
34
29
21
33
34
30
26
32
29
29
29
34
29
30
32
38
30
33
36
37
39
36
35
34
31
29
30
29
30
28
33
26
27
32
32
35
28
28
28
28
32
30
29
34
34
31
34
36
37
32
31
31
34
35
32
39
38
37
37
30
31
31
35
29
31
27
28
29
27
34
28
30
25
30
23
32
27
29
29
35
34
28
33
30
30
30
37
39
32
35
35
38
38
35
36
35
30
31
27
38
26
31
26
27
27
34
31
36
32
30
28
27
32
29
32
33
34
30
36
32
33
33
32
36
35
27
36
28
35
36
34
30
33
33
38
32
32
31
32
30
32
31
36
31
35
32
30
33
27
31
28
34
28
37
36
31
25
32
30
37
32
32
33
33
30
37
34
29
28
28
37
32
36
35
36
26
27
32
25
33
26
28
29
29
30
38
33
32
31
29
34
28
33
30
29
34
31
34
32
25
30
31
24
24
32
33
30
32
38
34
27
25
26
27
25
31
27
33
31
32
35
34
34
36
35
29
31
30
30
39
30
33
36
33
33
30
31
34
32
29
24
31
31
33
38
31
30
31
29
35
29
32
30
36
39
31
38
34
33
35
32
29
31
33
32
35
38
32
34
32
38
27
34
25
28
24
29
29
29
31
33
34
33
29
29
31
29
32
33
37
33
37
37
35
34
28
31
35
41
29
39
38
27
34
38
36
41
31
27
30
25
23
27
34
32
30
33
30
28
28
30
32
31
29
30
33
27
42
37
42
40
33
31
30
35
32
38
36
32
33
34
40
36
30
33
30
29
29
30
28
29
27
36
31
31
31
32
32
31
30
39
33
42
40
41
39
40
32
33
36
34
35
39
34
40
38
34
34
30
30
37
29
24
31
28
34
30
28
29
31
31
27
33
26
23
37
28
38
38
34
41
39
41
36
28
35
33
35
39
38
40
33
32
30
35
27
32
35
25
29
33
30
29
31
27
28
27
30
28
27
32
28
35
37
38
34
35
34
35
36
35
32
35
38
41
37
39
40
33
30
34
30
32
32
28
33
34
31
35
36
33
35
27
29
33
26
33
34
37
42
35
40
40
39
39
33
34
35
34
39
36
37
39
34
29
31
30
35
29
31
27
36
36
41
36
32
39
28
30
28
33
32
34
42
36
39
39
35
36
40
32
37
33
40
35
35
35
39
41
33
29
32
31
29
40
34
30
37
43
38
33
42
39
37
37
31
34
34
40
38
38
36
38
29
35
35
37
31
35
42
36
36
39
42
34
34
31
25
33
31
32
32
30
34
40
37
36
42
40
33
32
32
35
34
35
35
43
35
38
35
32
39
35
31
33
40
37
34
39
35
28
36
33
28
30
37
40
36
36
35
36
32
34
35
33
37
35
34
38
32
37
33
37
41
40
39
34
33
42
32
30
35
37
36
35
39
36
33
32
34
33
32
42
36
32
27
37
29
31
38
39
30
36
30
39
36
32
38
33
35
41
34
31
37
36
38
37
40
38
39
36
36
29
27
28
32
32
28
33
25
26
27
33
34
33
32
34
35
31
38
37
33
30
38
35
33
35
38
35
38
36
33
36
39
35
36
37
35
32
33
31
27
25
27
36
29
29
32
31
33
31
31
35
36
32
37
35
35
39
32
38
34
33
33
31
35
39
40
41
38
33
40
34
35
30
30
35
30
30
29
35
32
27
29
35
37
27
35
30
34
32
35
40
40
37
35
32
34
33
38
36
37
34
38
33
34
33
33
33
30
30
28
33
35
31
30
39
28
37
35
32
33
24
35
31
32
35
42
36
36
33
38
31
31
28
36
40
37
37
35
34
31
29
28
27
29
31
31
27
30
30
35
37
34
31
34
32
36
37
33
34
36
34
40
36
39
39
33
31
33
34
36
34
41
35
37
39
33
30
29
29
28
29
30
28
29
33
32
41
33
30
31
31
33
36
31
34
34
35
30
33
30
38
29
30
34
29
31
34
33
36
37
35
34
27
31
27
30
36
33
