6
7
6
7
5
5
7
7
7
6
5
4
6
3
7
4
5
7
4
6
4
6
5
6
2
8
4
4
6
5
5
3
3
3
3
3
5
5
3
5
5
5
6
7
4
4
5
6
5
4
5
3
5
5
6
6
5
7
8
5
5
5
5
5
8
3
4
7
4
5
3
5
7
6
6
9
8
6
5
7
9
7
6
5
7
3
5
5
2
5
7
6
5
10
5
8
7
7
6
6
6
3
4
4
4
3
5
5
6
6
7
7
4
7
7
7
7
6
7
2
6
1
1
5
5
3
10
5
7
7
8
10
6
9
7
5
4
4
4
4
4
2
6
5
8
8
6
8
6
7
6
6
7
3
4
3
6
5
5
5
8
7
6
6
5
7
8
6
7
3
7
4
6
6
6
5
6
4
6
6
5
7
8
4
8
6
4
4
4
9
6
6
5
5
4
8
7
4
6
4
4
7
6
5
3
6
8
6
6
7
7
6
6
5
4
3
7
5
5
5
6
9
7
6
6
6
4
6
4
7
4
3
7
8
7
3
6
7
8
3
6
7
6
5
5
9
5
4
7
6
7
5
5
6
7
6
