6
9
7
6
3
5
7
7
7
7
7
8
10
12
9
9
7
11
8
7
6
9
9
8
8
8
10
10
10
12
9
9
11
11
10
12
9
9
8
6
6
10
10
7
6
9
7
8
8
11
8
9
7
8
9
9
4
6
7
7
10
9
8
6
7
9
7
8
8
8
7
7
8
6
6
6
10
6
4
3
6
6
5
7
9
7
4
6
9
4
6
6
6
7
7
7
4
4
5
9
8
8
9
7
10
8
11
8
7
8
8
9
6
9
8
11
11
11
8
4
7
6
6
4
4
8
13
9
7
8
10
11
6
6
3
4
6
5
6
6
7
9
11
9
7
7
7
10
8
4
4
7
7
7
10
8
8
8
7
7
7
9
8
7
6
8
8
7
7
9
9
7
5
4
6
7
9
7
2
6
10
10
12
8
9
9
8
6
4
4
6
7
10
8
7
8
8
10
10
5
5
4
6
8
4
3
3
6
9
6
6
5
7
7
7
5
4
7
8
6
6
6
4
9
8
7
10
10
8
5
7
10
7
6
7
9
10
10
7
6
5
6
8
9
8
5
8
10
10
6
4
6
8
7
7
6
