1164
1138
981
1117
943
1030
998
973
997
979
1129
1107
1092
989
1098
931
1085
970
1008
892
840
988
1003
1047
1041
1151
1158
1065
988
1076
902
938
930
982
928
940
800
929
865
924
1022
1187
1052
1197
997
907
969
996
867
973
1066
897
986
1033
1010
1012
1150
923
1072
1101
992
1032
911
958
888
990
951
1002
988
992
1049
1058
983
881
1130
1020
1041
919
913
919
891
960
1065
908
1008
1216
1053
997
975
1066
1030
924
1041
865
893
843
971
969
884
893
996
982
970
1100
1019
1074
909
1039
944
1047
921
1028
979
971
1070
986
1129
806
1089
1017
971
909
1027
1009
982
936
996
1055
899
1030
876
934
963
902
1000
1010
1028
1063
1079
980
1099
1063
1144
1070
966
1109
923
908
943
962
1018
1048
1108
1168
1059
1167
1181
1012
1084
1007
924
965
974
919
987
1035
1094
1039
1071
1097
1141
1148
1065
1027
1084
1026
1189
1051
948
917
883
968
985
999
1120
1162
1079
1047
980
1026
937
868
1004
1006
983
940
986
1124
909
1105
1150
1059
954
1128
860
923
1051
1017
1019
1053
980
1107
1104
1050
1213
1121
915
901
1036
1042
905
1008
1001
932
990