86
102
90
93
92
97
90
84
100
95
91
92
83
86
93
88
84
78
80
86
85
77
82
78
94
104
92
92
86
83
90
84
85
90
91
95
84
89
95
97
94
87
96
98
87
91
79
86
89
73
84
88
83
83
79
84
85
92
96
89
93
85
77
88
96
101
88
82
85
83
86
85
79
87
86
97
84
89
90
86
87
88
100
90
81
91
89
91
82
88
77
85
92
96
81
90
85
92
95
95
74
81
90
84
76
75
85
86
78
81
99
96
94
96
90
85
83
85
83
76
82
75
83
92
98
98
91
97
91
88
71
85
87
94
75
92
83
85
87
85
92
91
89
99
90
91
85
89
95
93
94
90
87
79
91
97
99
86
86
89
88
85
88
93
77
84
82
85
91
86
89
93
88
95
83
96
93
87
78
94
91
96
88
83
79
90
96
91
90
90
77
81
90
89
80
90
91
87
87
91
101
97
89
87
83
83
79
95
87
94
88
79
89
91
87
83
85
102
97
83
82
81
75
80
88
83
86
87
84
87
109
95
93
86
92
93
90
88
82
88
96
88
87
87
85
90
79
79
87
89
94
79
87
82
83
82
93
94
92
91
88
89
84
78
91
100
106
101
83
87
94
92
100
83
86
93
82
88
80
90
102
89
80
87
93
92
91
94
98
98
77
85
82
81
84
86
87
93
93
82
93
97
92
96
93
82
100
82
86
91
88
98
93
90
91
88
99
97
89
90
86
88
83
91
94
97
83
89
82
87
85
92
91
96
85
92
87
85
91
86
86
80
91
89
80
95
87
91
97
88
89
81
87
85
78
90
95
94
100
95
88
85
83
92
96
80
92
83
90
95
99
90
86
91
100
87
99
93
83
98
80
88
89
85
73
80
91
101
101
95
101
91
90
89
90
94
87
86
85
83
81
96
80
92
90
88
81
79
88
85
83
88
92
94
96
86
87
91
81
80
90
96
103
87
94
93
97
96
84
87
80
88
100
98
93
91
82
82
83
87
77
84
97
94
98
86
97
89
82
77
80
83
97
100
95
99
83
90
89
93
94
84
93
101
105
88
88
88
84
95
100
90
86
89
92
99
88
80
82
76
89
86
79
93
89
99
94
81
73
78
82
89
86
102
99
106
99
96
83
85
102
102
87
88
89
84
106
96
82
89
84
88
90
88
92
94
93
101
90
84
92
97
91
89
96
81
101
93
94
77
84
92
102
89
99
95
85
98
96
91
90
79
87
88
98
91
96
87
92
99
78
85
96
95
90
96
89
90
90
88
90
83
93
99
97
97
86
92
94
93
102
79
81
81
90
95
90
80
91
83
90
91
86
85
79
91
87
92
92
79
85
85
88
93
85
90
94
83
88
94
97
98
94
84
87
97
94
93
84
92
80
96
87
91
84
89
86
94
90
91
78
88
93
98
95
94
81
77
83
84
97
96
94
87
82
84
92
91
78
83
90
80
95
92
95
90
87
85
103
81
82
82
88
88
78
88
90
87
78
91
93
89
87
93
98
81
82
79
91
90
91
77
74
87
86
90
83
91
86
90
92
102
87
88
83
82
72
87
98
88
89
98
86
83
82
86
85
87
95
85
90
91
90
84
90
94
90
92
91
88
94
95
92
94
93
82
80
80
82
87
86
89
91
81
86
87
88
74
98
82
70
80
78
100
85
99
83
83
95
94
89
90
88
83
88
95
88
90
93
92
88
92
83
94
86
79
76
95
82
81
74
93
74
80
85
89
90
101
91
87
96
86
91
77
84
75
88
93
87
90
83
84
83
85
85
90
93
85
85
81
94
93
84
83
92
100
84
97
95
79
82
77
92
93
91
89
89
86
88
91
90
98
87
75
91
77
82
84
89
82
91
90
99
93
84
85
84
88
85
82
84
88
78
88
91
95
97
92
83
82
90
104
90
86
76
83
89
79
90
77
77
84
80
83
92
89
86
97
84
78
81
80
83
85
93
81
81
84
82
89
71
80
84
96
87
86
84
87
74
91
79
84
78
82
86
89
98
82
82
90
91
93
79
80
82
87
88
87
83
86
80
81
82
78
86
82
78
75
90
84
91
83
92
95
94
83
91
84
94
90
93
97
93
87
89
90
94
81
80
85
80
80
85
90
91
91
83
78
76
86
75
93
89
85
91
95
91
92
85
95
102
79
86
89
96
95
88
97
96
85
81
